1 0.2078125 0.71015625 0.14609375 0.30703125
1 0.184375 0.53203125 0.05078125 0.13203125
1 0.2421875 0.58203125 0.06953125 0.22265625
1 0.7296875 0.7140625 0.10625 0.2484375
1 0.85546875 0.63515625 0.0921875 0.20703125
1 0.50234375 0.6140625 0.0953125 0.28515625
1 0.41875 0.51171875 0.0625 0.2671875
1 0.26640625 0.2390625 0.0609375 0.1578125
1 0.3671875 0.42578125 0.046875 0.184375
1 0.41015625 0.35625 0.02578125 0.05703125
1 0.45078125 0.3609375 0.02421875 0.05703125
1 0.48359375 0.38984375 0.02734375 0.05234375
1 0.50390625 0.33125 0.04375 0.096875
1 0.43515625 0.24453125 0.04140625 0.096875
1 0.55078125 0.34921875 0.04140625 0.0765625
1 0.59453125 0.34609375 0.04140625 0.06640625
1 0.6734375 0.35625 0.06796875 0.09921875
1 0.73828125 0.35 0.05703125 0.1125
1 0.66796875 0.27890625 0.04140625 0.04375
1 0.82421875 0.296875 0.03125 0.11328125
1 0.86015625 0.259375 0.046875 0.109375
1 0.75 0.24453125 0.05390625 0.07109375
1 0.69140625 0.2265625 0.0453125 0.08984375
1 0.528125 0.1390625 0.03984375 0.1109375
1 0.5734375 0.15625 0.03515625 0.0796875
1 0.60859375 0.16875 0.05546875 0.1078125
1 0.48671875 0.18125 0.03984375 0.109375
1 0.4203125 0.1375 0.02578125 0.08515625
1 0.39140625 0.13125 0.02734375 0.08984375
1 0.36015625 0.14296875 0.0296875 0.109375
1 0.31640625 0.10546875 0.04296875 0.13046875
1 0.09609375 0.09140625 0.02109375 0.0609375
1 0.0609375 0.11640625 0.028125 0.0453125
1 0.02109375 0.08828125 0.02578125 0.034375
1 0.6984375 0.15078125 0.0328125 0.05703125
1 0.725 0.15078125 0.0296875 0.059375
1 0.6671875 0.1515625 0.05234375 0.09765625
1 0.81640625 0.16953125 0.03515625 0.05234375
1 0.76796875 0.1234375 0.02734375 0.06796875
1 0.78515625 0.12265625 0.02421875 0.02734375
1 0.53984375 0.1953125 0.05078125 0.06640625
1 0.934375 0.89921875 0.13046875 0.2015625
1 0.82265625 0.54296875 0.0625 0.10546875
1 0.9703125 0.77734375 0.059375 0.2703125
1 0.87109375 0.340625 0.06640625 0.0640625
1 0.87578125 0.2078125 0.034375 0.0328125
1 0.87265625 0.2375 0.03828125 0.05078125
1 0.77265625 0.19609375 0.040625 0.04453125
1 0.75390625 0.190625 0.025 0.03359375
1 0.7453125 0.17421875 0.02109375 0.034375
1 0.80546875 0.13828125 0.02890625 0.03671875
1 0.7921875 0.09765625 0.0234375 0.04140625
1 0.98671875 0.11015625 0.02578125 0.03359375
1 0.98828125 0.153125 0.0203125 0.0703125
1 0.96875 0.1484375 0.0203125 0.07421875
1 0.49765625 0.13046875 0.028125 0.0546875
1 0.4703125 0.16015625 0.03203125 0.10546875
1 0.52734375 0.1140625 0.025 0.07109375
1 0.5484375 0.11796875 0.0265625 0.09921875
1 0.27734375 0.09140625 0.0328125 0.10078125
1 0.26640625 0.0953125 0.02890625 0.109375
1 0.16328125 0.0625 0.0296875 0.09140625
1 0.1421875 0.0609375 0.02734375 0.096875
1 0.20234375 0.078125 0.03125 0.09765625
1 0.2328125 0.0875 0.01953125 0.09140625
1 0.409375 0.12109375 0.0234375 0.08984375
1 0.41875 0.24921875 0.040625 0.05234375
1 0.14296875 0.28046875 0.0671875 0.0546875