1 0.20495370370370375 0.7362847222222223 0.1608796296296296 0.32407407407407407
1 0.1778935185185185 0.5567418981481481 0.056678240740740723 0.13842592592592595
1 0.2365625 0.6087962962962964 0.07989583333333332 0.23067129629629618
1 0.7262557870370371 0.7608217592592592 0.11935185185185197 0.2601273148148147
1 0.8509317129629629 0.6863715277777778 0.10310185185185183 0.21678240740740745
1 0.49715277777777783 0.6515625 0.10896990740740727 0.2968171296296296
1 0.41190393518518514 0.5459201388888889 0.07585648148148146 0.274074074074074
1 0.2541435185185185 0.26675347222222223 0.06954861111111113 0.1643518518518518
1 0.3584664351851852 0.457494212962963 0.05587962962962969 0.18987268518518513
1 0.40014467592592595 0.38940972222222225 0.028981481481481452 0.05989583333333339
1 0.4407233796296296 0.3955439814814815 0.027418981481481454 0.05978009259259256
1 0.47390046296296295 0.42615740740740743 0.030474537037036953 0.055324074074074046
1 0.4927488425925926 0.36811342592592594 0.04833333333333325 0.10190972222222214
1 0.4229050925925926 0.27847222222222223 0.04677083333333325 0.10179398148148149
1 0.540162037037037 0.3880497685185185 0.04490740740740744 0.08136574074074084
1 0.5839814814814815 0.3866030092592593 0.04474537037037045 0.07042824074074083
1 0.6627835648148148 0.3994791666666667 0.07337962962962977 0.10688657407407405
1 0.7277546296296297 0.39568865740740744 0.06262731481481473 0.11857638888888893
1 0.6561053240740741 0.32233796296296297 0.0428587962962963 0.0484375
1 0.8129513888888888 0.34646990740740746 0.03762731481481474 0.11672453703703703
1 0.8479050925925925 0.30995370370370373 0.05164351851851876 0.11464120370370372
1 0.7371296296296296 0.2907986111111111 0.05733796296296294 0.0776041666666667
1 0.6787673611111111 0.27083333333333337 0.0497800925925926 0.09421296296296297
1 0.5135763888888889 0.17647569444444447 0.04541666666666657 0.11574074074074074
1 0.5594386574074074 0.19551504629629632 0.038703703703703594 0.08402777777777777
1 0.5944328703703704 0.20905671296296297 0.060995370370370415 0.1137731481481481
1 0.4730844907407407 0.21727430555555557 0.0453935185185184 0.11417824074074075
1 0.4057291666666667 0.17083333333333334 0.029398148148148097 0.0880208333333333
1 0.37690393518518517 0.16322337962962963 0.031030092592592595 0.09282407407407404
1 0.34545717592592595 0.17418981481481483 0.03445601851851858 0.11336805555555554
1 0.30145833333333333 0.13495370370370371 0.048819444444444395 0.13472222222222224
1 0.08046875 0.11154513888888888 0.024340277777777787 0.06267361111111111
1 0.04570023148148148 0.13556134259259262 0.03038194444444444 0.04907407407407405
1 0.009508101851851853 0.10622106481481482 0.019016203703703705 0.03744212962962963
1 0.6838078703703704 0.1945601851851852 0.035231481481481454 0.06035879629629628
1 0.7103819444444445 0.1957465277777778 0.03215277777777779 0.06325231481481483
1 0.6525231481481482 0.19458912037037038 0.05773148148148159 0.1041666666666667
1 0.802337962962963 0.2182002314814815 0.03828703703703695 0.055902777777777767
1 0.7529976851851853 0.16996527777777778 0.03070601851851862 0.0709490740740741
1 0.7701967592592592 0.17045717592592594 0.025416666666666643 0.02997685185185186
1 0.5260358796296296 0.23292824074074076 0.05414351851851862 0.07268518518518521
1 0.9259837962962962 0.9223668981481481 0.12493055555555585 0.1552662037037038
1 0.8163368055555555 0.5930844907407408 0.06722222222222243 0.11267361111111107
1 0.9613831018518517 0.8329861111111111 0.05871527777777743 0.27592592592592596
1 0.8607638888888889 0.39224537037037044 0.06972222222222228 0.07071759259259255
1 0.8627430555555555 0.25865162037037037 0.03644675925925931 0.03703703703703702
1 0.8599479166666667 0.2889467592592593 0.04138888888888879 0.05457175925925926
1 0.7589525462962963 0.24314236111111112 0.0428587962962963 0.0484375
1 0.7402719907407407 0.23706597222222223 0.02707175925925931 0.03634259259259256
1 0.7311400462962963 0.21996527777777777 0.02238425925925931 0.035995370370370414
1 0.7910706018518519 0.18686342592592592 0.030243055555555464 0.039699074074074095
1 0.7768287037037037 0.1451388888888889 0.02562500000000014 0.04403935185185186
1 0.9712673611111111 0.1657986111111111 0.02707175925925931 0.03634259259259256
1 0.9737673611111111 0.2082175925925926 0.024479166666666784 0.07204861111111116
1 0.9542939814814815 0.20286458333333335 0.024548611111111285 0.07673611111111107
1 0.4824421296296297 0.16634837962962962 0.030520833333333285 0.05844907407407405
1 0.4561979166666667 0.19568865740740743 0.037511574074073906 0.10891203703703707
1 0.5123842592592592 0.15135995370370373 0.029189814814814773 0.0739583333333333
1 0.533431712962963 0.1560474537037037 0.031168981481481596 0.10219907407407405
1 0.2618113425925926 0.11872106481481484 0.03744212962962958 0.10422453703703702
1 0.25080439814814814 0.12259837962962963 0.03445601851851858 0.11336805555555554
1 0.14733796296296298 0.08521412037037038 0.03417824074074076 0.09461805555555554
1 0.12625578703703705 0.08287037037037037 0.03270833333333334 0.1007523148148148
1 0.18618055555555557 0.10295138888888888 0.03583333333333334 0.10098379629629628
1 0.21731481481481482 0.1130787037037037 0.02480324074074076 0.09392361111111111
1 0.3942534722222222 0.15355902777777777 0.027905092592592596 0.09259259259259256
1 0.4064178240740741 0.28272569444444445 0.04297453703703695 0.05625
1 0.13081597222222224 0.30298032407407405 0.06958333333333333 0.06134259259259256