1 0.20546875 0.57734375 0.0765625 0.1078125
1 0.21484375 0.5171875 0.09140625 0.0984375
1 0.26640625 0.47890625 0.05 0.08515625
1 0.44765625 0.5328125 0.07734375 0.09375
1 0.53046875 0.52734375 0.0390625 0.08515625
1 0.49609375 0.50390625 0.025 0.08203125
1 0.5609375 0.52265625 0.01640625 0.08515625
1 0.68125 0.559375 0.03203125 0.03828125
1 0.53203125 0.3484375 0.0296875 0.03125
1 0.41953125 0.3828125 0.0234375 0.04921875
1 0.47109375 0.39609375 0.03203125 0.06015625
1 0.44609375 0.3625 0.0203125 0.03671875