1 0.17743055555555556 0.5206250000000001 0.09814814814814814 0.12083333333333321
1 0.19910300925925925 0.4623784722222222 0.1119791666666667 0.11489583333333328
1 0.25720486111111107 0.43220486111111106 0.0674768518518519 0.093611111111111
1 0.42358217592592595 0.51359375 0.09612268518518512 0.10829861111111114
1 0.5052951388888889 0.5203645833333332 0.05648148148148131 0.09180555555555543
1 0.4766782407407407 0.4921180555555556 0.0421875 0.08524305555555553
1 0.5365162037037037 0.5204513888888889 0.03443287037037042 0.08663194444444447
1 0.6461226851851851 0.575 0.039120370370370236 0.04458333333333329
1 0.5446180555555555 0.3438541666666667 0.03570601851851851 0.036701388888888874
1 0.42769097222222224 0.36050347222222223 0.03321759259259256 0.05381944444444446
1 0.4752893518518519 0.3820833333333333 0.04456018518518512 0.06500000000000003
1 0.4579282407407407 0.34500000000000003 0.028009259259259168 0.03965277777777772