5 0.12787037037037036 0.49453125 0.2557407407407407 0.3390625
5 0.5498148148148149 0.53046875 0.20694444444444446 0.328125
1 0.23223379629629629 0.484375 0.21475694444444446 0.328125
1 0.3248784722222222 0.48984375 0.1845023148148149 0.2921875
1 0.6453182870370371 0.5140625 0.162800925925926 0.26875
1 0.736556712962963 0.371875 0.14318287037037045 0.175
1 0.6980439814814815 0.48125 0.18000000000000008 0.2953125
1 0.40047453703703706 0.3875 0.15917824074074077 0.18125
1 0.7736053240740741 0.24765625 0.056469907407407406 0.0828125
1 0.8130324074074075 0.2546875 0.04653935185185176 0.0734375
1 0.8831076388888889 0.271875 0.06814814814814837 0.0953125
1 0.9540162037037037 0.275 0.055636574074074116 0.06875
1 0.9431944444444443 0.2203125 0.03559027777777786 0.046875
1 0.9038599537037036 0.21171875 0.03540509259259252 0.04375