5 0.13125 0.52734375 0.2625 0.3171875
5 0.58359375 0.5234375 0.1609375 0.31484375
1 0.26015625 0.50546875 0.16796875 0.3140625
1 0.35390625 0.50234375 0.14296875 0.28125
1 0.6765625 0.4984375 0.125 0.25859375
1 0.74609375 0.35 0.11875 0.165625
1 0.72421875 0.46171875 0.13828125 0.28359375
1 0.4140625 0.39453125 0.13359375 0.16953125
1 0.76484375 0.2234375 0.0453125 0.0796875
1 0.80546875 0.22734375 0.0359375 0.0703125
1 0.878125 0.23828125 0.05546875 0.09140625
1 0.94921875 0.23515625 0.0453125 0.06484375
1 0.98515625 0.19609375 0.0296875 0.040625
1 0.93046875 0.18125 0.02890625 0.04375
1 0.88984375 0.1765625 0.02890625 0.040625