1 0.30859375 0.346875 0.109375 0.22890625
1 0.91171875 0.303125 0.075 0.15390625
1 0.5859375 0.59765625 0.21015625 0.52265625
1 0.98046875 0.32421875 0.03828125 0.1625
1 0.1359375 0.334375 0.06796875 0.1609375
1 0.22734375 0.26015625 0.04375 0.1078125
1 0.1984375 0.265625 0.0453125 0.1078125
1 0.15625 0.2640625 0.0328125 0.10703125
1 0.134375 0.26953125 0.05546875 0.0765625
1 0.12265625 0.21796875 0.03125 0.0453125
1 0.14453125 0.2140625 0.02109375 0.046875
1 0.11875 0.19375 0.02421875 0.0390625
1 0.10703125 0.20234375 0.01796875 0.04921875