1 0.2905671296296296 0.3552662037037037 0.12776620370370367 0.23547453703703702
1 0.8964641203703703 0.3440393518518518 0.08729166666666685 0.15758101851851852
1 0.5488657407407407 0.6208622685185186 0.24995370370370368 0.5346643518518519
1 0.9615277777777778 0.36915509259259255 0.04712962962962948 0.16388888888888892
1 0.11961805555555556 0.33327546296296295 0.07994212962962961 0.1651041666666666
1 0.2161111111111111 0.2640335648148148 0.05170138888888891 0.10949074074074075
1 0.18692708333333333 0.26765046296296297 0.05326388888888891 0.10954861111111107
1 0.14487847222222222 0.26374421296296297 0.04076388888888891 0.1090856481481481
1 0.12267939814814814 0.26840277777777777 0.06087962962962963 0.0802083333333334
1 0.11479745370370371 0.2164351851851852 0.03549768518518519 0.046527777777777765
1 0.1369039351851852 0.21333912037037037 0.024652777777777767 0.047685185185185205
1 0.11310763888888889 0.19210069444444444 0.027314814814814792 0.039988425925925906
1 0.10092592592592593 0.19947916666666665 0.02171296296296297 0.050694444444444466