1 0.4696412037037037 0.72359375 0.265 0.39697916666666655
1 0.32336805555555553 0.6490625 0.18932870370370364 0.34666666666666685
1 0.18612847222222223 0.6047916666666666 0.18273148148148147 0.32281250000000006
1 0.2495775462962963 0.6730208333333334 0.1505324074074074 0.25666666666666665
1 0.9246469907407407 0.6173437500000001 0.09093750000000007 0.13249999999999992
1 0.6370370370370371 0.5380729166666667 0.07342592592592592 0.10947916666666657
1 0.5875636574074073 0.5176041666666666 0.07802083333333343 0.10354166666666664
1 0.6677083333333333 0.50109375 0.035393518518518616 0.07104166666666671
1 0.6913194444444445 0.514375 0.04157407407407412 0.06677083333333336
1 0.7101157407407407 0.51875 0.04152777777777779 0.06364583333333336
1 0.7452256944444444 0.51796875 0.04157407407407412 0.06677083333333336
1 0.7820601851851852 0.5282291666666666 0.03686342592592595 0.06489583333333329