1 0.12828124999999999 0.3642361111111111 0.25656249999999997 0.359375
1 0.4108854166666667 0.336255787037037 0.23145833333333332 0.4325231481481481
1 0.8277604166666667 0.47745949074074073 0.32010416666666686 0.6633680555555556
1 0.5122916666666667 0.31145833333333334 0.1760416666666666 0.3260416666666667
1 0.4566145833333334 0.08284143518518519 0.1330208333333333 0.14832175925925925
1 0.5790625 0.29184027777777777 0.09958333333333336 0.18449074074074073
1 0.5418229166666666 0.19580439814814815 0.16468749999999996 0.2726273148148148
1 0.3310416666666667 0.03292824074074074 0.09416666666666665 0.06585648148148147
1 0.23994791666666665 0.03012152777777778 0.11385416666666667 0.06024305555555556
2 0.6608854166666667 0.560792824074074 0.2357291666666665 0.33292824074074084
2 0.42151041666666667 0.5860243055555555 0.2530208333333334 0.21822916666666678
2 0.5322395833333333 0.5850405092592592 0.1508333333333333 0.20509259259259255
2 0.38067708333333333 0.08799189814814815 0.06812500000000003 0.08668981481481482