1 0.1296875 0.4140625 0.21484375 0.32578125
1 0.4171875 0.36171875 0.1546875 0.40859375
1 0.87734375 0.46328125 0.234375 0.6296875
1 0.51328125 0.328125 0.11875 0.3078125
1 0.41484375 0.1078125 0.1078125 0.13203125
1 0.5765625 0.303125 0.06640625 0.17421875
1 0.52109375 0.21171875 0.1171875 0.25546875
1 0.2765625 0.0484375 0.078125 0.09609375
1 0.18515625 0.0484375 0.0984375 0.096875
2 0.709375 0.56171875 0.17734375 0.30625
2 0.47421875 0.60703125 0.21796875 0.18359375
2 0.58515625 0.596875 0.115625 0.1875
2 0.33984375 0.11875 0.05390625 0.078125