1 0.83359375 0.52265625 0.1171875 0.53203125
1 0.35546875 0.47734375 0.13359375 0.4609375
1 0.1796875 0.3953125 0.10078125 0.45703125
1 0.125 0.36484375 0.0875 0.24609375
1 0.23671875 0.38515625 0.0859375 0.37421875
1 0.21328125 0.225 0.071875 0.10234375
1 0.27265625 0.26328125 0.06171875 0.13515625
1 0.328125 0.2625 0.05546875 0.16953125
1 0.37109375 0.32109375 0.078125 0.22421875
1 0.35234375 0.21875 0.034375 0.0796875
1 0.425 0.303125 0.06015625 0.240625
1 0.5 0.2828125 0.071875 0.21640625
1 0.4734375 0.2125 0.0359375 0.09140625
1 0.58828125 0.28984375 0.05234375 0.17109375
1 0.621875 0.39140625 0.09296875 0.3828125
1 0.871875 0.20390625 0.0765625 0.16640625
1 0.68984375 0.26640625 0.05703125 0.12734375
1 0.6453125 0.259375 0.0375 0.10078125
1 0.6078125 0.22109375 0.0375 0.08984375
1 0.6328125 0.2265625 0.0296875 0.09609375
1 0.67421875 0.209375 0.0390625 0.1125