1 0.8150462962962963 0.45859375 0.23738425925925916 0.5453125
1 0.33518518518518514 0.50546875 0.2364583333333333 0.478125
1 0.1486400462962963 0.45859375 0.20324074074074075 0.4671875
1 0.08998842592592593 0.4390625 0.1423611111111111 0.2578125
1 0.2033275462962963 0.4375 0.17048611111111106 0.384375
1 0.1558738425925926 0.284375 0.09484953703703702 0.1140625
1 0.22051504629629629 0.3109375 0.09126157407407405 0.14375
1 0.2748263888888889 0.3 0.09403935185185182 0.1765625
1 0.32612847222222224 0.34921875 0.12743055555555555 0.234375
1 0.29221643518518514 0.25234375 0.0515625 0.084375
1 0.3771701388888889 0.32109375 0.11388888888888885 0.2484375
1 0.44797453703703705 0.28671875 0.1208912037037038 0.2265625
1 0.4105034722222222 0.22265625 0.05671296296296298 0.096875
1 0.5366319444444445 0.2765625 0.09097222222222215 0.178125
1 0.5855034722222222 0.3703125 0.1786458333333334 0.39375
1 0.8034722222222221 0.13828125 0.11284722222222214 0.178125
1 0.6327256944444445 0.234375 0.08472222222222214 0.1359375
1 0.588136574074074 0.2359375 0.06018518518518512 0.10625
1 0.5447337962962963 0.20546875 0.05821759259259256 0.0953125
1 0.570486111111111 0.20625 0.050578703703703806 0.1
1 0.608912037037037 0.18125 0.06371527777777786 0.1171875