1 0.2422048611111111 0.3221701388888889 0.09677083333333333 0.17739583333333336
1 0.29781250000000004 0.3165798611111111 0.07305555555555561 0.17010416666666667
1 0.4449305555555556 0.3045833333333333 0.071736111111111 0.1404166666666667
1 0.49645833333333333 0.3030729166666667 0.07986111111111108 0.18288194444444442
1 0.6492013888888889 0.2346875 0.0645833333333334 0.19000000000000003
1 0.25713541666666667 0.12657986111111114 0.07211805555555557 0.11392361111111109
1 0.7994618055555556 0.13444444444444445 0.05826388888888871 0.11798611111111112
1 0.7018055555555556 0.1387847222222222 0.074861111111111 0.1405555555555556
1 0.5651909722222223 0.2126909722222222 0.08545138888888885 0.13322916666666665
1 0.43616319444444446 0.6246527777777777 0.0994791666666666 0.23833333333333329
1 0.34657986111111116 0.6403298611111111 0.11697916666666668 0.21104166666666657
1 0.5986631944444445 0.5121701388888888 0.07395833333333339 0.19041666666666668
1 0.6477604166666666 0.4600868055555556 0.0714236111111111 0.1684722222222222
1 0.773611111111111 0.5581944444444444 0.097013888888889 0.28812500000000013
1 0.7207118055555556 0.4677604166666667 0.062361111111111 0.14000000000000004
1 0.7491145833333334 0.03921875 0.03517361111111104 0.05458333333333333
1 0.8427256944444445 0.10835069444444442 0.057847222222222425 0.10861111111111113
1 0.5049131944444445 0.13038194444444445 0.05090277777777778 0.09270833333333335
1 0.46168402777777773 0.08552083333333334 0.0327430555555555 0.07006944444444443
1 0.5682465277777778 0.03868055555555556 0.033472222222222216 0.051388888888888894
1 0.43914930555555554 0.031163194444444448 0.04326388888888886 0.06118055555555556
1 0.39230902777777776 0.034618055555555555 0.0406944444444445 0.06923611111111111