1 0.25703125 0.33359375 0.0890625 0.1734375
1 0.3125 0.33046875 0.065625 0.1671875
1 0.459375 0.325 0.065625 0.1375
1 0.5109375 0.32578125 0.071875 0.1796875
1 0.6609375 0.2640625 0.05625 0.1875
1 0.26328125 0.13828125 0.0671875 0.1109375
1 0.80703125 0.1703125 0.05234375 0.115625
1 0.709375 0.1703125 0.06875 0.1375
1 0.57578125 0.23828125 0.0796875 0.1296875
1 0.46484375 0.6453125 0.0890625 0.23515625
1 0.37578125 0.65703125 0.1078125 0.20546875
1 0.62265625 0.53984375 0.06640625 0.1875
1 0.66953125 0.48984375 0.0640625 0.16484375
1 0.8 0.59375 0.08515625 0.284375
1 0.74296875 0.50078125 0.05703125 0.1375
1 0.75234375 0.07265625 0.0328125 0.05390625
1 0.84921875 0.14609375 0.05390625 0.10546875
1 0.51171875 0.153125 0.046875 0.090625
1 0.46640625 0.10625 0.0296875 0.06796875
1 0.57109375 0.0640625 0.03125 0.05078125
1 0.44140625 0.05078125 0.04140625 0.05859375
1 0.39453125 0.05 0.03671875 0.07109375