1 0.59375 0.61171875 0.0453125 0.0953125
1 0.70234375 0.62109375 0.06640625 0.10078125
1 0.746875 0.753125 0.0453125 0.1078125
1 0.559375 0.82578125 0.05390625 0.05859375
1 0.61015625 0.79921875 0.04140625 0.06640625
1 0.6765625 0.7703125 0.05546875 0.08125
1 0.5265625 0.2296875 0.0296875 0.05
1 0.55078125 0.23203125 0.02421875 0.05234375
1 0.44921875 0.33046875 0.05234375 0.04140625
1 0.6125 0.675 0.06796875 0.1078125
1 0.659375 0.7375 0.0484375 0.0765625
1 0.69921875 0.70546875 0.05078125 0.08359375