1 0.5289467592592593 0.6070659722222222 0.07409722222222222 0.1061805555555555
1 0.6293460648148148 0.6400173611111111 0.09653935185185177 0.11809027777777778
1 0.6307291666666667 0.7786979166666667 0.07787037037037034 0.1188194444444445
1 0.4296354166666667 0.8086805555555555 0.07083333333333322 0.073298611111111
1 0.48653356481481486 0.7936805555555556 0.061701388888888785 0.07756944444444454
1 0.5589351851851851 0.7803298611111111 0.07978009259259267 0.09552083333333332
1 0.5825520833333333 0.21963541666666667 0.04510416666666668 0.05812499999999998
1 0.6055439814814815 0.22718750000000001 0.04041666666666668 0.05791666666666666
1 0.47776041666666663 0.30145833333333333 0.0636921296296297 0.05583333333333336
1 0.5270659722222222 0.6734027777777778 0.1000694444444445 0.12604166666666677
1 0.5522453703703704 0.7439930555555556 0.07164351851851851 0.088923611111111
1 0.6001736111111111 0.7215972222222222 0.07517361111111107 0.096875