1 0.29921875 0.26953125 0.046875 0.09140625
1 0.3265625 0.353125 0.03125 0.1109375
1 0.3625 0.30703125 0.03828125 0.06796875
1 0.47734375 0.46953125 0.040625 0.10625
1 0.725 0.2484375 0.04609375 0.1015625
1 0.684375 0.43359375 0.03828125 0.0953125
1 0.74375 0.54375 0.03359375 0.103125
1 0.78203125 0.38828125 0.0421875 0.121875
1 0.75234375 0.40859375 0.0390625 0.1109375
1 0.7296875 0.403125 0.02265625 0.05859375
1 0.71640625 0.478125 0.02890625 0.0953125
1 0.31875 0.871875 0.034375 0.1015625
1 0.13203125 0.09375 0.0328125 0.06953125
1 0.16328125 0.0875 0.028125 0.08203125
1 0.2046875 0.0515625 0.03046875 0.09140625
1 0.11796875 0.0375 0.03046875 0.07265625
1 0.53671875 0.87890625 0.0484375 0.10625
1 0.18125 0.0578125 0.034375 0.07578125