1 0.3080324074074074 0.2726157407407407 0.055902777777777767 0.09650462962962969
1 0.32738425925925924 0.35890625 0.04239583333333332 0.11452546296296298
1 0.36774305555555553 0.31718171296296294 0.0442708333333333 0.07249999999999997
1 0.4658217592592592 0.4928414351851852 0.05167824074074083 0.11188657407407412
1 0.7343402777777778 0.30332754629629627 0.05622685185185183 0.10744212962962969
1 0.6750405092592593 0.4825636574074075 0.04822916666666668 0.10078703703703695
1 0.7232233796296297 0.5992997685185186 0.043726851851851836 0.10679398148148138
1 0.7769560185185185 0.4495081018518519 0.05370370370370381 0.12759259259259254
1 0.7451736111111111 0.4658564814814815 0.050254629629629656 0.11649305555555553
1 0.7235069444444445 0.4576909722222222 0.028321759259259238 0.06075231481481484
1 0.7025810185185185 0.53015625 0.03880787037037035 0.098738425925926
1 0.26752893518518517 0.8737847222222221 0.04368055555555559 0.10523148148148138
1 0.15890046296296295 0.0770949074074074 0.03962962962962964 0.07381944444444444
1 0.1910474537037037 0.07484953703703705 0.03687499999999999 0.0861574074074074
1 0.23478009259259255 0.0512962962962963 0.03981481481481488 0.08006944444444446
1 0.1500636574074074 0.03203703703703704 0.037372685185185175 0.05030092592592593
1 0.4840682870370371 0.9069212962962963 0.05949074074074083 0.1122916666666665
1 0.2106076388888889 0.04847800925925926 0.041284722222222216 0.07702546296296296