1 0.5375 0.73046875 0.10078125 0.11796875
1 0.54140625 0.71484375 0.0484375 0.11484375
1 0.7578125 0.16953125 0.03515625 0.10625
1 0.80234375 0.1703125 0.03125 0.1109375
1 0.86796875 0.1828125 0.03125 0.13515625
1 0.66484375 0.13046875 0.059375 0.1421875
1 0.5921875 0.15234375 0.03984375 0.1234375
1 0.90234375 0.17421875 0.03984375 0.12890625
1 0.234375 0.50703125 0.07421875 0.08515625
1 0.29765625 0.1453125 0.03828125 0.12890625
1 0.49609375 0.125 0.04375 0.10546875
1 0.4171875 0.13671875 0.0296875 0.109375
1 0.5421875 0.15703125 0.04375 0.12109375