1 0.5033101851851851 0.7398090277777778 0.10990740740740748 0.12501157407407426
1 0.5092418981481481 0.7242650462962963 0.05815972222222214 0.11799768518518512
1 0.7695601851851851 0.19507523148148148 0.0438194444444445 0.10841435185185189
1 0.8139988425925926 0.19885995370370368 0.040833333333333145 0.11305555555555555
1 0.8783796296296297 0.21544560185185185 0.04152777777777779 0.13649305555555555
1 0.6794502314814814 0.14997106481481484 0.0714930555555556 0.14630787037037035
1 0.605480324074074 0.16685185185185186 0.050578703703703806 0.12569444444444447
1 0.9129398148148148 0.2097048611111111 0.05076388888888879 0.13194444444444448
1 0.21976851851851853 0.4964409722222222 0.08076388888888886 0.09021990740740744
1 0.3124016203703704 0.13984375 0.04920138888888888 0.1319212962962963
1 0.5119212962962963 0.1326388888888889 0.0516319444444445 0.10853009259259258
1 0.4320023148148149 0.13927083333333332 0.03922453703703717 0.11146990740740739
1 0.5554340277777777 0.16767361111111112 0.05365740740740747 0.12417824074074076