1 0.47265625 0.4390625 0.04140625 0.08515625
1 0.4203125 0.4046875 0.0484375 0.08515625
1 0.22421875 0.37734375 0.0484375 0.06640625
1 0.215625 0.51953125 0.0625 0.08359375
1 0.275 0.7890625 0.0609375 0.1234375
1 0.53828125 0.75625 0.08515625 0.1578125
1 0.4375 0.67578125 0.0796875 0.1390625
1 0.31875 0.746875 0.06640625 0.11328125
1 0.509375 0.3578125 0.04140625 0.08515625
1 0.53125 0.33828125 0.02578125 0.065625
1 0.74140625 0.27265625 0.04296875 0.05703125
1 0.378125 0.52265625 0.05078125 0.1109375
1 0.41328125 0.2859375 0.02265625 0.0546875
1 0.17734375 0.4375 0.040625 0.06953125
1 0.17109375 0.40390625 0.0421875 0.0765625
1 0.65546875 0.20625 0.01171875 0.03515625
1 0.728125 0.20703125 0.01796875 0.040625
1 0.6984375 0.21328125 0.01328125 0.04140625
1 0.6828125 0.18671875 0.0140625 0.03984375
1 0.69609375 0.1859375 0.01171875 0.02734375
1 0.8078125 0.221875 0.01796875 0.03671875
1 0.77734375 0.21015625 0.0140625 0.0328125
1 0.83203125 0.2171875 0.01875 0.04140625