1 0.4725405092592593 0.4339756944444444 0.04596064814814813 0.08783564814814823
1 0.42281250000000004 0.39762731481481484 0.05377314814814813 0.08789351851851857
1 0.22855902777777776 0.36156828703703703 0.05207175925925931 0.0691319444444444
1 0.21110532407407406 0.5030960648148148 0.06783564814814813 0.08799768518518522
1 0.2544039351851852 0.7746354166666667 0.06812500000000003 0.12706018518518522
1 0.5193865740740741 0.7539236111111112 0.0949537037037036 0.16319444444444448
1 0.42314236111111114 0.6694849537037036 0.08856481481481478 0.1443981481481483
1 0.3007928240740741 0.7344502314814815 0.07274305555555553 0.11771990740740748
1 0.51453125 0.3547627314814815 0.04596064814814813 0.08783564814814815
1 0.537326388888889 0.3358449074074074 0.030185185185185048 0.0674074074074074
1 0.7510069444444445 0.2803587962962963 0.04575231481481481 0.05971064814814815
1 0.37351851851851847 0.5136111111111111 0.05709490740740737 0.11447916666666665
1 0.42212962962962963 0.27888888888888885 0.025416666666666643 0.05643518518518516
1 0.17813657407407407 0.4189699074074074 0.04428240740740739 0.07219907407407415
1 0.17369791666666665 0.38541087962962967 0.04745370370370372 0.07847222222222214
1 0.6687210648148147 0.20987847222222222 0.014328703703703738 0.03604166666666666
1 0.7413425925925926 0.21402777777777776 0.02062500000000007 0.042337962962962904
1 0.7116203703703704 0.2189351851851852 0.01593750000000007 0.042303240740740745
1 0.6977604166666667 0.19169560185185186 0.01592592592592599 0.040740740740740744
1 0.7110416666666667 0.19159722222222225 0.012708333333333321 0.02821759259259258
1 0.8201099537037038 0.23219328703703704 0.020590277777778 0.037650462962963
1 0.7905208333333333 0.21913194444444445 0.015868055555555573 0.032928240740740744
1 0.844351851851852 0.22888888888888886 0.020624999999999716 0.042337962962962904