5 0.18370949074074075 0.44341435185185185 0.06550925925925925 0.0832523148148148
5 0.40821759259259266 0.4456597222222222 0.07118055555555554 0.11765046296296297
5 0.3625289351851852 0.40925925925925927 0.05063657407407405 0.07221064814814823
5 0.5725694444444445 0.42724537037037036 0.06678240740740744 0.10043981481481482
5 0.5447627314814815 0.44230324074074073 0.049710648148148094 0.10187500000000008
5 0.43521412037037044 0.3774537037037037 0.03755787037037024 0.06430555555555557
5 0.46964699074074073 0.37798032407407406 0.041145833333333395 0.07057870370370374
5 0.4997974537037037 0.3629050925925926 0.03530092592592595 0.054918981481481485
5 0.51796875 0.39716435185185184 0.04224537037037042 0.06434027777777782
1 0.30245949074074074 0.37921875 0.04386574074074075 0.08621527777777782
5 0.43590856481481477 0.40793402777777776 0.05040509259259256 0.06908564814814806