1 0.62890625 0.59296875 0.13203125 0.38203125
1 0.1484375 0.5703125 0.13515625 0.3734375
1 0.46640625 0.5171875 0.1265625 0.38359375
1 0.25546875 0.58984375 0.10234375 0.30703125
1 0.228125 0.48125 0.10625 0.35546875
1 0.33828125 0.4890625 0.096875 0.28515625
1 0.48125 0.30625 0.128125 0.27421875
1 0.5515625 0.49140625 0.11484375 0.34921875
1 0.684375 0.4359375 0.07109375 0.16171875
1 0.7203125 0.51328125 0.0765625 0.15234375
1 0.12734375 0.421875 0.05546875 0.14765625
1 0.5421875 0.375 0.02421875 0.06796875
1 0.87890625 0.415625 0.03828125 0.11484375
1 0.91171875 0.403125 0.034375 0.1109375
1 0.94921875 0.3640625 0.03125 0.078125