1 0.6174189814814814 0.6430208333333333 0.1607060185185185 0.40114583333333337
1 0.14049189814814816 0.5549479166666667 0.16376157407407405 0.39197916666666666
1 0.4618113425925926 0.5458854166666667 0.1560300925925926 0.4023958333333333
1 0.24575810185185185 0.5893229166666667 0.12576388888888887 0.32229166666666664
1 0.22704282407407406 0.4778645833333333 0.13393518518518518 0.37125
1 0.3355208333333334 0.5007291666666667 0.11934027777777771 0.2984375
1 0.4922685185185186 0.33843750000000006 0.14896990740740748 0.29260416666666667
1 0.5486747685185185 0.5321354166666666 0.14170138888888886 0.36552083333333324
1 0.6849537037037037 0.4951041666666667 0.08403935185185177 0.17114583333333327
1 0.714832175925926 0.5768229166666666 0.08866898148148153 0.16364583333333335
1 0.13065972222222222 0.4050000000000001 0.06674768518518519 0.15593749999999992
1 0.547980324074074 0.41484375 0.02863425925925931 0.07062500000000008
1 0.8803182870370371 0.50109375 0.04774305555555571 0.1203125
1 0.9139872685185185 0.4931770833333333 0.043020833333333286 0.11531249999999993
1 0.9548784722222223 0.4599479166666667 0.036527777777777715 0.08208333333333329