5 0.2815972222222222 0.5406539351851852 0.18280092592592592 0.32222222222222213
5 0.7717418981481481 0.5428240740740741 0.2185185185185187 0.4141203703703704
5 0.8415277777777778 0.45190972222222225 0.13690972222222228 0.2814814814814815
5 0.45914930555555555 0.44262152777777775 0.07563657407407405 0.15115740740740743
1 0.6190219907407407 0.4703125 0.15902777777777785 0.19328703703703703
1 0.5909027777777778 0.4189814814814815 0.1448726851851852 0.18651620370370364
1 0.40702546296296294 0.45940393518518513 0.11334490740740737 0.16660879629629619
1 0.13951388888888888 0.44742476851851853 0.04858796296296299 0.11736111111111107
1 0.11166087962962963 0.4140625 0.054768518518518536 0.11290509259259256
1 0.32262152777777775 0.4078125 0.02624999999999993 0.08530092592592595
1 0.3460243055555555 0.40460069444444446 0.023009259259259274 0.07737268518518511
1 0.3686921296296296 0.40454282407407405 0.02618055555555552 0.08061342592592595
1 0.33346643518518515 0.40115740740740746 0.023078703703703685 0.08206018518518512
1 0.28317708333333336 0.38347800925925923 0.023900462962962978 0.03211805555555554
1 0.3889814814814815 0.4022280092592593 0.02608796296296294 0.07436342592592596
1 0.40114583333333337 0.3791087962962963 0.02574074074074062 0.05092592592592595