5 0.2703125 0.53515625 0.1578125 0.30546875
5 0.7578125 0.5890625 0.1859375 0.39375
5 0.834375 0.50625 0.11484375 0.26875
5 0.45546875 0.45625 0.0640625 0.14453125
1 0.61171875 0.50078125 0.14375 0.17734375
1 0.58828125 0.446875 0.13046875 0.171875
1 0.40234375 0.4671875 0.10078125 0.15625
1 0.13671875 0.4265625 0.03984375 0.1125
1 0.1125 0.390625 0.0453125 0.1078125
1 0.32265625 0.40703125 0.01953125 0.0828125
1 0.34609375 0.40625 0.0171875 0.07578125
1 0.36875 0.40859375 0.01953125 0.078125
1 0.33359375 0.4015625 0.015625 0.0796875
1 0.28515625 0.378125 0.021875 0.03046875
1 0.3890625 0.40859375 0.01953125 0.071875
1 0.403125 0.38671875 0.021875 0.0484375