1 0.15932291666666668 0.601388888888889 0.1583333333333333 0.291122685185185
1 0.6297916666666666 0.6177430555555555 0.12927083333333336 0.2766435185185186
1 0.42109375 0.6044849537037036 0.13145833333333332 0.2392129629629629
1 0.5249479166666666 0.6654571759259259 0.13729166666666667 0.20964120370370373
1 0.8857291666666667 0.5675752314814815 0.11000000000000014 0.10465277777777793
1 0.6748958333333333 0.8850752314814814 0.23937500000000006 0.22984953703703717
1 0.3051041666666666 0.479207175925926 0.18687500000000004 0.36803240740740756
1 0.36953125 0.46295717592592595 0.17249999999999996 0.36313657407407407
1 0.3751041666666667 0.2151388888888889 0.12333333333333343 0.3046527777777778
1 0.36005208333333333 0.18285300925925926 0.1330208333333333 0.35630787037037037
1 0.4568229166666667 0.37353587962962964 0.10593749999999993 0.13737268518518525
1 0.03302083333333333 0.7828298611111111 0.06604166666666667 0.3125347222222222