1 0.353125 0.12890625 0.05859375 0.13671875
1 0.4296875 0.13125 0.0609375 0.11484375
1 0.6015625 0.19140625 0.05234375 0.1109375
1 0.27265625 0.32421875 0.08515625 0.16015625
1 0.32421875 0.3 0.08359375 0.19296875
1 0.521875 0.18046875 0.0640625 0.121875
1 0.40625 0.30078125 0.07421875 0.13671875
1 0.55546875 0.30234375 0.08125 0.14921875
1 0.50234375 0.1953125 0.04765625 0.06484375
1 0.4953125 0.22734375 0.05625 0.08125
1 0.45078125 0.25546875 0.04296875 0.11796875
1 0.50390625 0.34765625 0.08671875 0.14375
1 0.3609375 0.2609375 0.05 0.2046875