1 0.6470659722222223 0.5279340277777778 0.049236111111111217 0.054166666666666786
1 0.42836805555555557 0.6471701388888889 0.07513888888888882 0.07503472222222207
1 0.37649305555555557 0.6389930555555556 0.07378472222222224 0.0796875
1 0.8310763888888889 0.5062673611111111 0.04413194444444457 0.04468750000000003
1 0.20366319444444442 0.7014930555555555 0.06732638888888891 0.074861111111111
1 0.06032986111111112 0.7779166666666667 0.05538194444444444 0.08708333333333336
1 0.08633680555555555 0.83625 0.10225694444444444 0.08812500000000015
1 0.15036458333333333 0.8720138888888889 0.12687500000000002 0.11520833333333336
1 0.29359375 0.8634895833333334 0.16267361111111106 0.11288194444444458
1 0.21052083333333335 0.8031076388888889 0.06020833333333329 0.09031249999999993
1 0.9503993055555554 0.46911458333333333 0.03475694444444457 0.044479166666666715
1 0.9155381944444443 0.4574131944444444 0.02340277777777757 0.03486111111111114
1 0.9438368055555555 0.4268229166666666 0.03774305555555557 0.041423611111111217
1 0.9738715277777779 0.47041666666666665 0.023125000000000284 0.028611111111111143
1 0.9837152777777778 0.42848958333333337 0.030000000000000072 0.04281249999999996
1 0.9967534722222222 0.43211805555555555 0.006493055555555571 0.058333333333333216