1 0.6296875 0.72734375 0.04140625 0.1109375
1 0.47421875 0.70625 0.0453125 0.13359375
1 0.42109375 0.8984375 0.04140625 0.14375
1 0.45546875 0.9296875 0.03828125 0.140625
1 0.53125 0.66328125 0.03984375 0.10546875
1 0.72265625 0.41875 0.04375 0.0796875
1 0.43359375 0.34453125 0.034375 0.0921875
1 0.68203125 0.26015625 0.02578125 0.0703125
1 0.815625 0.19375 0.03984375 0.06953125
1 0.578125 0.715625 0.03671875 0.13359375
1 0.48046875 0.60078125 0.04375 0.08515625
1 0.471875 0.8984375 0.05078125 0.16015625
1 0.55703125 0.634375 0.03125 0.08984375
1 0.57578125 0.66171875 0.03828125 0.0796875
1 0.7125 0.36640625 0.03828125 0.06796875
1 0.7046875 0.31875 0.0484375 0.05546875
1 0.70546875 0.2453125 0.0265625 0.0609375
1 0.80703125 0.1109375 0.01953125 0.0484375
1 0.7890625 0.1140625 0.01640625 0.04296875
1 0.7765625 0.11484375 0.0125 0.04609375
1 0.76328125 0.11484375 0.015625 0.04375
1 0.7484375 0.109375 0.02265625 0.04765625
1 0.72890625 0.1265625 0.01953125 0.04296875
1 0.70703125 0.12421875 0.01640625 0.03984375
1 0.69921875 0.12578125 0.01640625 0.0453125
1 0.5453125 0.23984375 0.02578125 0.0703125
1 0.71875 0.16328125 0.02734375 0.040625
1 0.7375 0.16484375 0.01875 0.0359375
1 0.759375 0.178125 0.021875 0.04453125
1 0.74453125 0.22109375 0.02109375 0.08203125
1 0.59375 0.29140625 0.015625 0.05546875
1 0.6453125 0.296875 0.01953125 0.05859375
1 0.6 0.25546875 0.01328125 0.0171875
1 0.64765625 0.275 0.0203125 0.0421875
1 0.6140625 0.28984375 0.01875 0.07265625
1 0.6296875 0.29140625 0.01796875 0.0609375