1 0.363125 0.129224537037037 0.06501157407407412 0.1379513888888889
1 0.4398032407407408 0.13369791666666667 0.0659259259259258 0.11608796296296298
1 0.6127488425925927 0.19746527777777778 0.05802083333333332 0.1129050925925926
1 0.2852719907407407 0.3223553240740741 0.0922685185185185 0.16158564814814813
1 0.3369212962962963 0.29930555555555555 0.0932407407407407 0.19439814814814813
1 0.5327141203703704 0.18515625 0.06928240740740747 0.12392361111111114
1 0.4182407407407407 0.30225115740740743 0.08063657407407412 0.13806712962962964
1 0.5675752314814815 0.3072627314814815 0.08881944444444442 0.15062499999999995
1 0.513599537037037 0.19907407407407407 0.050381944444444396 0.06598379629629628
1 0.5067361111111112 0.23104745370370372 0.060266203703703704 0.08324074074074073
1 0.46223379629629624 0.2580555555555556 0.048831018518518475 0.11908564814814815
1 0.516550925925926 0.35140625 0.09336805555555543 0.14597222222222223
1 0.372505787037037 0.2612962962962963 0.05923611111111118 0.20664351851851848