1 0.62421875 0.4859375 0.03828125 0.0453125
1 0.43359375 0.65703125 0.059375 0.0609375
1 0.38203125 0.66171875 0.05625 0.06796875
1 0.7984375 0.41875 0.034375 0.03671875
1 0.22578125 0.76640625 0.05078125 0.0640625
1 0.09453125 0.878125 0.05 0.0765625
1 0.1359375 0.92890625 0.0875 0.06875
1 0.2046875 0.94765625 0.1046875 0.09140625
1 0.3421875 0.90390625 0.14453125 0.078125
1 0.25078125 0.86484375 0.03828125 0.08203125
1 0.9078125 0.353125 0.02421875 0.0390625
1 0.871875 0.35 0.01484375 0.03203125
1 0.89375 0.3125 0.02890625 0.03515625
1 0.93125 0.3484375 0.0171875 0.025
1 0.9328125 0.3046875 0.01953125 0.03828125
1 0.959375 0.30234375 0.01796875 0.0546875
1 0.9828125 0.3203125 0.01953125 0.04609375