1 0.769068287037037 0.11251736111111113 0.060821759259259166 0.08296296296296299
1 0.38833912037037044 0.20122685185185185 0.054456018518518515 0.07965277777777775
1 0.4422453703703704 0.07292824074074075 0.062442129629629764 0.08457175925925926
1 0.3342303240740741 0.11288773148148148 0.060821759259259256 0.08296296296296295
1 0.2126736111111111 0.25179398148148147 0.06487268518518521 0.0659143518518519
1 0.28373842592592596 0.3122569444444444 0.051273148148148096 0.07799768518518527
1 0.2145833333333333 0.34559027777777784 0.05717592592592595 0.06880787037037042
1 0.25269097222222225 0.5509375000000001 0.06053240740740744 0.0751504629629629
1 0.14600694444444445 0.6479513888888888 0.048958333333333305 0.05763888888888893
1 0.3320601851851852 0.49774884259259267 0.05954861111111107 0.09072916666666657
1 0.43729745370370365 0.44614004629629633 0.06192129629629619 0.07050925925925924
1 0.425 0.5364467592592592 0.056365740740740834 0.08907407407407408
1 0.44126157407407407 0.7643402777777778 0.0653356481481481 0.0784143518518519
1 0.2985821759259259 0.7763888888888889 0.06238425925925926 0.08300925925925924
1 0.3200810185185185 0.807818287037037 0.0700231481481481 0.07855324074074091
1 0.6913194444444445 0.6529108796296297 0.056944444444444464 0.06255787037037042
1 0.6805266203703704 0.5726736111111111 0.054166666666666786 0.07184027777777775
1 0.658883101851852 0.36840277777777775 0.05584490740740726 0.07501157407407408
1 0.8311342592592592 0.2467650462962963 0.06574074074074047 0.08935185185185182
1 0.8869502314814814 0.14891203703703704 0.05214120370370381 0.05929398148148146
1 0.8260127314814815 0.657523148148148 0.056944444444444284 0.06255787037037024
1 0.8470486111111111 0.6131018518518518 0.0737268518518519 0.05212962962962955
1 0.8972800925925926 0.5545196759259259 0.053125 0.08585648148148159
1 0.9261574074074073 0.5739988425925926 0.05775462962962976 0.08443287037037042
1 0.9472222222222222 0.5725925925925927 0.04756944444444429 0.062280092592592595
1 0.6494791666666667 0.8958217592592593 0.045775462962962976 0.05598379629629626
1 0.6253182870370371 0.9614525462962963 0.0484375 0.04357638888888893
1 0.6690104166666666 0.9163599537037037 0.03142361111111107 0.04775462962962962
1 0.727662037037037 0.9584201388888889 0.075 0.04436342592592588
1 0.713570601851852 0.9158217592592592 0.04299768518518512 0.06526620370370359
1 0.728298611111111 0.9333738425925926 0.03744212962962976 0.04168981481481495
1 0.7939525462962964 0.08753472222222222 0.031597222222222145 0.052442129629629616