1 0.66796875 0.08203125 0.04140625 0.07421875
1 0.31484375 0.25 0.03515625 0.07109375
1 0.340625 0.11328125 0.04296875 0.07421875
1 0.24375 0.175 0.04140625 0.07421875
1 0.153125 0.33671875 0.05078125 0.05390625
1 0.23515625 0.38046875 0.0328125 0.07109375
1 0.17421875 0.428125 0.04140625 0.05859375
1 0.25390625 0.62109375 0.04375 0.0640625
1 0.16953125 0.73828125 0.03515625 0.05
1 0.3203125 0.55234375 0.03828125 0.08203125
1 0.4125 0.47890625 0.046875 0.059375
1 0.41953125 0.5703125 0.03515625 0.08125
1 0.48203125 0.78984375 0.046875 0.06796875
1 0.3453125 0.83203125 0.04296875 0.07265625
1 0.37265625 0.8578125 0.05234375 0.065625
1 0.703125 0.62734375 0.04296875 0.05234375
1 0.67578125 0.55078125 0.03671875 0.0640625
1 0.61328125 0.35546875 0.03828125 0.06640625
1 0.75625 0.2 0.04375 0.0796875
1 0.790625 0.0921875 0.03828125 0.05078125
1 0.8359375 0.603125 0.04375 0.05234375
1 0.846875 0.55546875 0.065625 0.034375
1 0.884375 0.48671875 0.0328125 0.078125
1 0.91640625 0.5 0.03671875 0.0765625
1 0.93671875 0.49453125 0.0328125 0.05390625
1 0.7125 0.8734375 0.0328125 0.0484375
1 0.70546875 0.953125 0.03515625 0.05390625
1 0.7359375 0.88984375 0.01953125 0.04375
1 0.80625 0.93671875 0.05859375 0.06640625
1 0.77890625 0.8796875 0.02734375 0.05859375
1 0.796875 0.89375 0.028125 0.034375
1 0.68671875 0.05234375 0.01875 0.0484375