1 0.6223611111111111 0.70875 0.06857638888888892 0.12135416666666679
1 0.47133101851851855 0.6686458333333334 0.0775231481481482 0.14375
1 0.39228587962962963 0.8526562500000001 0.07644675925925934 0.15302083333333344
1 0.4215740740740741 0.8883333333333333 0.07159722222222217 0.14958333333333335
1 0.5337731481481482 0.633125 0.06512731481481496 0.11489583333333328
1 0.7583564814814815 0.4135416666666666 0.062268518518518515 0.08979166666666671
1 0.4821817129629629 0.30338541666666663 0.05658564814814824 0.10031249999999999
1 0.7397337962962963 0.2509375 0.04287037037037038 0.0760416666666667
1 0.8814178240740741 0.20151041666666666 0.05709490740740719 0.08010416666666664
1 0.5728298611111111 0.6908854166666667 0.06806712962962962 0.14156250000000004
1 0.4925868055555556 0.56453125 0.06415509259259267 0.09614583333333329
1 0.44203125000000004 0.8595312499999999 0.08835648148148145 0.17250000000000015
1 0.5638078703703704 0.6076041666666667 0.053298611111111074 0.09697916666666657
1 0.5786689814814815 0.6371875 0.05758101851851851 0.08947916666666664
1 0.7556018518518519 0.3604166666666667 0.05380787037037038 0.07677083333333332
1 0.7538715277777778 0.3119270833333333 0.061134259259259235 0.06791666666666671
1 0.764988425925926 0.2390625 0.04090277777777764 0.06812500000000003
1 0.8849363425925926 0.11817708333333332 0.030798611111111283 0.053437499999999985
1 0.8661863425925926 0.11942708333333334 0.027349537037036954 0.04697916666666666
1 0.8543865740740741 0.11864583333333334 0.022743055555555714 0.04822916666666668
1 0.840943287037037 0.11640625 0.025787037037036952 0.046875
1 0.8272569444444443 0.10947916666666666 0.033923611111111286 0.05364583333333335
1 0.805289351851852 0.12427083333333333 0.030474537037036953 0.04718749999999998
1 0.7838310185185186 0.11864583333333334 0.025624999999999964 0.04375
1 0.7760185185185186 0.11916666666666667 0.027430555555555534 0.048541666666666664
1 0.6068749999999999 0.21354166666666666 0.04287037037037038 0.0760416666666667
1 0.78984375 0.15901041666666665 0.03672453703703695 0.04760416666666667
1 0.8080960648148148 0.16328125 0.027025462962962977 0.040729166666666664
1 0.8285185185185184 0.17916666666666667 0.032199074074074116 0.050416666666666686
1 0.8071064814814815 0.2197916666666667 0.04031249999999993 0.08677083333333328
1 0.648275462962963 0.2711458333333333 0.029560185185185262 0.05958333333333332
1 0.6982638888888889 0.28270833333333334 0.03284722222222207 0.06291666666666665
1 0.6589930555555557 0.2359375 0.016597222222222284 0.019791666666666697
1 0.7034201388888889 0.26119791666666664 0.030474537037036953 0.04718749999999998
1 0.6687094907407408 0.2721354166666667 0.036701388888888783 0.07718749999999996
1 0.6837962962962963 0.2758333333333333 0.032928240740740834 0.06447916666666664