2 0.36954861111111115 0.38918981481481485 0.09054398148148142 0.1046180555555555
2 0.8029224537037036 0.39682870370370366 0.07942129629629627 0.09155092592592595
2 0.7408506944444444 0.422494212962963 0.08905092592592592 0.10922453703703709
2 0.6909375000000001 0.3730671296296296 0.061979166666666786 0.07347222222222224
2 0.6534201388888888 0.4226446759259259 0.10984953703703706 0.14309027777777777
2 0.6080555555555556 0.36408564814814814 0.04936342592592595 0.06501157407407412
2 0.6588715277777778 0.36906249999999996 0.07608796296296312 0.07732638888888896
2 0.5637673611111111 0.3781828703703704 0.06515046296296294 0.07675925925925924
2 0.5530787037037037 0.44710648148148147 0.09146990740740754 0.1671180555555555
2 0.5015335648148149 0.3929108796296297 0.0654745370370371 0.09863425925925924
2 0.4536689814814815 0.3763773148148148 0.06659722222222228 0.06902777777777773
2 0.43223958333333334 0.4580150462962963 0.13521990740740736 0.16938657407407404