2 0.22916666666666669 0.40014467592592595 0.08599537037037042 0.07008101851851851
2 0.29421296296296295 0.38747106481481486 0.04988425925925925 0.04409722222222223
2 0.3162037037037037 0.42983217592592593 0.1403935185185185 0.09120370370370381
2 0.36649305555555556 0.4088252314814815 0.08159722222222224 0.05266203703703702
2 0.40847800925925926 0.4559895833333334 0.06759259259259257 0.07337962962962977
2 0.41186342592592595 0.38504050925925926 0.04386574074074083 0.04675925925925935
2 0.46004050925925927 0.36733217592592593 0.06828703703703702 0.04079861111111107
2 0.4990451388888889 0.36365740740740743 0.06359953703703702 0.040451388888888926
2 0.6156828703703704 0.35815972222222225 0.026967592592592737 0.028414351851851906
2 0.6407696759259259 0.36808449074074073 0.02719907407407405 0.0315393518518519
2 0.6955439814814814 0.3758101851851852 0.06394675925925916 0.04513888888888893
2 0.8008680555555555 0.37664930555555554 0.03211805555555571 0.03501157407407405
2 0.6665509259259259 0.38738425925925923 0.028761574074074047 0.03165509259259256
2 0.6304976851851851 0.38848379629629626 0.03692129629629619 0.03692129629629637
2 0.7077835648148147 0.4031828703703703 0.041724537037037025 0.038831018518518515
2 0.7893518518518519 0.41206597222222224 0.038136574074074045 0.032349537037037024
2 0.8931423611111111 0.5512731481481481 0.10636574074074048 0.09334490740740727
2 0.9230034722222221 0.4877893518518519 0.07158564814814809 0.06435185185185191
2 0.938425925925926 0.473292824074074 0.0640625 0.04670138888888893
2 0.8708912037037038 0.45237268518518514 0.10092592592592595 0.061863425925925954
2 0.8606770833333333 0.43113425925925924 0.07644675925925952 0.04606481481481488
2 0.8131655092592591 0.468431712962963 0.08854166666666644 0.0625
2 0.794241898148148 0.4462673611111111 0.071875 0.047280092592592735
2 0.7223958333333333 0.4413773148148148 0.08912037037037024 0.0703125
2 0.6865451388888889 0.45581597222222225 0.10115740740740727 0.06498842592592595
2 0.7002604166666666 0.4500868055555555 0.08315972222222215 0.052777777777777854
2 0.6522569444444445 0.42771990740740745 0.040740740740740834 0.046527777777777855
2 0.6225115740740741 0.471556712962963 0.05706018518518512 0.05706018518518512
2 0.6761574074074075 0.53828125 0.09189814814814809 0.1078125
2 0.7667534722222221 0.5205729166666666 0.09184027777777785 0.08605324074074083
2 0.603732638888889 0.6316261574074075 0.12025462962962977 0.1549768518518519
2 0.35 0.5679398148148149 0.10584490740740744 0.10729166666666679
2 0.41241319444444446 0.7212094907407407 0.17876157407407406 0.16863425925925934
2 0.534230324074074 0.7538194444444445 0.15833333333333321 0.2075231481481481
2 0.46270254629629626 0.5093171296296296 0.0796875 0.08981481481481488
2 0.5536458333333334 0.4962962962962963 0.0606481481481481 0.06354166666666661
2 0.4493055555555555 0.40269097222222217 0.07725694444444446 0.05700231481481488
2 0.4763310185185185 0.4281828703703704 0.0662037037037038 0.054629629629629764
2 0.5163773148148147 0.41736111111111107 0.08819444444444446 0.0578125
2 0.537818287037037 0.4416956018518518 0.08194444444444446 0.057349537037037025
2 0.581105324074074 0.4534143518518518 0.07928240740740726 0.06336805555555554
2 0.5974537037037038 0.4302083333333334 0.07679398148148149 0.05075231481481488
2 0.5333622685185185 0.38153935185185184 0.059259259259259164 0.044791666666666695
2 0.5881944444444445 0.3900462962962963 0.05231481481481488 0.034953703703703806
2 0.6022569444444444 0.4102141203703704 0.08605324074074083 0.04988425925925917
2 0.5404513888888889 0.40300925925925923 0.06371527777777786 0.04201388888888893