5 0.5623553240740741 0.6176967592592593 0.05865740740740755 0.08291666666666657
2 0.4223263888888889 0.6073032407407407 0.10723379629629637 0.08903935185185183
2 0.4978761574074074 0.601736111111111 0.11150462962962955 0.07511574074074083
2 0.4303356481481481 0.5614872685185185 0.060717592592592594 0.04707175925925924
2 0.4699710648148148 0.5556365740740741 0.057499999999999926 0.04385416666666657
2 0.5266145833333333 0.5705844907407407 0.09844907407407391 0.05599537037037052
2 0.5085243055555555 0.5396064814814816 0.043206018518518616 0.03562499999999993
2 0.5435648148148149 0.5367418981481482 0.02606481481481495 0.03667824074074062
2 0.5856886574074075 0.5621875000000001 0.09114583333333322 0.07295138888888886
2 0.5714814814814815 0.5305439814814814 0.04008101851851862 0.03553240740740726
2 0.6122916666666667 0.5379976851851852 0.03093749999999993 0.04306712962962962
2 0.6461863425925926 0.5491493055555555 0.07074074074074073 0.06922453703703688
2 0.7243113425925926 0.5514641203703704 0.10226851851851855 0.079525462962963
2 0.501724537037037 0.5472106481481481 0.03994212962962962 0.03084490740740744