4 0.34375 0.64375 0.4234375 0.1515625
4 0.13515625 0.5296875 0.2375 0.09296875
4 0.240625 0.5015625 0.1640625 0.06875
4 0.36640625 0.5296875 0.06875 0.09921875
4 0.41015625 0.50390625 0.06796875 0.0859375
4 0.4578125 0.5234375 0.0703125 0.06640625
4 0.5125 0.50859375 0.1171875 0.0953125
4 0.534375 0.503125 0.12578125 0.1984375
4 0.6359375 0.484375 0.0890625 0.16484375
4 0.74296875 0.578125 0.296875 0.13984375
4 0.8703125 0.61875 0.259375 0.153125
4 0.6890625 0.48828125 0.109375 0.05546875
4 0.8625 0.49453125 0.1171875 0.075
1 0.93515625 0.50859375 0.09296875 0.10234375