0 0.31421296296296297 0.4571122685185185 0.05013888888888882 0.035682870370370344
0 0.27015046296296297 0.4334722222222222 0.0409259259259259 0.03825231481481488
0 0.3133738425925926 0.4259085648148148 0.044050925925925986 0.038437500000000034
0 0.26633680555555556 0.42000578703703706 0.03583333333333334 0.03016203703703706
0 0.3562789351851852 0.4572685185185185 0.033194444444444395 0.0393518518518519
0 0.4136458333333334 0.5572453703703704 0.03335648148148138 0.042476851851851904
0 0.45502893518518517 0.5892939814814815 0.046342592592592526 0.052592592592592524
0 0.5109201388888889 0.630769675925926 0.06188657407407412 0.05195601851851848
0 0.5714641203703703 0.6117708333333333 0.05859953703703695 0.0486458333333335
0 0.623443287037037 0.6078414351851852 0.051273148148148096 0.05755787037037034
0 0.5394907407407408 0.5358854166666667 0.05679398148148138 0.04386574074074083
0 0.5293287037037037 0.5952546296296296 0.058518518518518546 0.0470833333333335
0 0.5351909722222222 0.6181886574074074 0.045775462962962976 0.04165509259259252
0 0.5692881944444445 0.5547858796296297 0.037557870370370415 0.03337962962962955
0 0.5538946759259259 0.5733449074074073 0.033194444444444395 0.0393518518518519
0 0.5886342592592593 0.5824131944444444 0.04265046296296297 0.041469907407407545
0 0.5194618055555555 0.540150462962963 0.039282407407407405 0.03659722222222221
0 0.505642361111111 0.5440046296296297 0.03155092592592581 0.037696759259259235
0 0.47443287037037035 0.5429340277777778 0.048819444444444395 0.04027777777777786
0 0.4569097222222222 0.5504629629629629 0.04930555555555553 0.04965277777777786
0 0.44814236111111116 0.5616261574074073 0.04537037037037024 0.03384259259259252
0 0.47810185185185183 0.5836516203703704 0.04265046296296297 0.041469907407407545
0 0.7731539351851853 0.5660879629629629 0.025138888888889 0.03420138888888893
0 0.7458622685185186 0.5504513888888889 0.038124999999999964 0.04431712962962955
0 0.5136342592592593 0.5779687499999999 0.03575231481481485 0.028599537037036882
0 0.5293518518518519 0.5656597222222223 0.026782407407407404 0.03585648148148159