1 0.26875 0.44453125 0.09375 0.30390625
1 0.12890625 0.878125 0.2296875 0.24375
1 0.09921875 0.80078125 0.14453125 0.1734375
1 0.84921875 0.8328125 0.125 0.33359375
1 0.934375 0.803125 0.13046875 0.3765625
1 0.9234375 0.609375 0.153125 0.24140625
1 0.809375 0.48125 0.0765625 0.25859375
1 0.546875 0.45546875 0.11953125 0.44765625
1 0.40703125 0.56953125 0.08125 0.21328125
1 0.384375 0.52109375 0.05546875 0.1390625
1 0.478125 0.5953125 0.08125 0.159375
1 0.5890625 0.58515625 0.0640625 0.159375
1 0.63828125 0.58046875 0.08984375 0.175