4 0.20796874999999998 0.5680844907407407 0.26902777777777775 0.22539351851851847
4 0.44470486111111107 0.5671122685185186 0.39156250000000004 0.25598379629629625
4 0.41984375000000007 0.5032233796296296 0.16999999999999993 0.127800925925926
4 0.3934722222222222 0.44168981481481484 0.15072916666666664 0.10422453703703702
4 0.47000000000000003 0.43956018518518525 0.16343750000000004 0.11369212962962968
4 0.5403472222222222 0.4054398148148148 0.08916666666666657 0.07564814814814813
4 0.6018055555555556 0.3932638888888889 0.04951388888888886 0.04879629629629632
4 0.6105034722222222 0.4330497685185185 0.11364583333333336 0.1226967592592592
4 0.6750694444444445 0.45523148148148146 0.22496527777777792 0.14070601851851858
4 0.8389236111111111 0.40947916666666667 0.18076388888888886 0.12006944444444442
4 0.8226388888888889 0.4502314814814815 0.14711805555555557 0.08232638888888885
4 0.7410416666666666 0.5055324074074073 0.3165277777777778 0.18356481481481488
4 0.5424652777777779 0.6062384259259259 0.4888194444444444 0.3441898148148148
4 0.8489930555555556 0.5515567129629629 0.3020138888888887 0.3148032407407408
1 0.3969965277777778 0.35414930555555557 0.030520833333333285 0.0377199074074074
1 0.41473958333333333 0.3438599537037037 0.029027777777777784 0.04083333333333332
1 0.4287152777777778 0.339849537037037 0.017847222222222216 0.02981481481481483
1 0.44065972222222227 0.3499189814814815 0.03211805555555554 0.039293981481481485