2 0.76875 0.63671875 0.059375 0.034375
2 0.39375 0.60234375 0.02265625 0.053125
2 0.43203125 0.59453125 0.0265625 0.0515625
2 0.7296875 0.571875 0.05546875 0.04296875
2 0.7859375 0.6265625 0.0765625 0.0296875
2 0.68515625 0.63046875 0.071875 0.040625
2 0.66015625 0.6125 0.0640625 0.03359375
2 0.70078125 0.60703125 0.065625 0.0359375
2 0.67890625 0.584375 0.06328125 0.03046875
2 0.65234375 0.58515625 0.04765625 0.03671875
2 0.640625 0.55625 0.0609375 0.03046875
2 0.6171875 0.56484375 0.03984375 0.03046875
2 0.62109375 0.5875 0.05546875 0.03359375
2 0.60078125 0.54609375 0.0484375 0.02421875
2 0.60078125 0.6140625 0.0671875 0.03984375
2 0.5796875 0.56796875 0.025 0.03984375
2 0.56953125 0.6 0.05546875 0.03359375
2 0.55703125 0.58828125 0.040625 0.03203125
2 0.5515625 0.56875 0.03359375 0.0453125
2 0.53671875 0.5578125 0.0265625 0.03125
2 0.5265625 0.58046875 0.03515625 0.034375
2 0.5265625 0.61484375 0.0359375 0.0546875
2 0.5484375 0.634375 0.03046875 0.06953125
2 0.49609375 0.65546875 0.0671875 0.03984375
2 0.48515625 0.621875 0.053125 0.0421875
2 0.48359375 0.60703125 0.0609375 0.0296875
2 0.478125 0.5859375 0.06484375 0.028125
2 0.459375 0.5984375 0.05 0.04453125