4 0.5149479166666666 0.48676504629629636 0.1723263888888889 0.17839120370370373
2 0.8833564814814816 0.48282407407407407 0.09868055555555558 0.06380787037037035
2 0.8036111111111112 0.5351967592592592 0.21344907407407412 0.14370370370370367
2 0.7845949074074074 0.4908449074074074 0.14289351851851856 0.0807291666666666
2 0.6678356481481481 0.5257002314814814 0.14027777777777786 0.09782407407407412
2 0.407349537037037 0.5555150462962963 0.11752314814814824 0.06748842592592581
2 0.40018518518518514 0.5334085648148148 0.0767129629629629 0.06003472222222221
2 0.31399305555555557 0.5394560185185184 0.13030092592592588 0.0772337962962963
2 0.2822800925925926 0.5541550925925927 0.13030092592592588 0.0772337962962963
2 0.23070601851851852 0.6057986111111111 0.23168981481481482 0.12707175925925931
2 0.38750578703703703 0.6182638888888888 0.27986111111111106 0.17221064814814824