5 0.5390625 0.60390625 0.0515625 0.078125
2 0.4 0.58984375 0.10078125 0.08125
2 0.47578125 0.58671875 0.10625 0.06640625
2 0.41171875 0.54453125 0.0578125 0.04296875
2 0.4515625 0.53984375 0.05390625 0.0390625
2 0.50703125 0.55625 0.09453125 0.04765625
2 0.49140625 0.52421875 0.040625 0.03203125
2 0.52734375 0.52265625 0.02265625 0.03515625
2 0.5671875 0.54921875 0.08515625 0.065625
2 0.55546875 0.5171875 0.0375 0.0328125
2 0.5953125 0.525 0.02734375 0.04140625
2 0.62890625 0.5375 0.065625 0.0640625
2 0.70703125 0.54140625 0.09609375 0.07109375
2 0.484375 0.53203125 0.0375 0.02734375