3 0.24296875 0.52890625 0.13828125 0.171875
3 0.29140625 0.44453125 0.06171875 0.0625
3 0.4140625 0.4265625 0.13671875 0.07109375
3 0.5203125 0.43515625 0.09453125 0.0484375
3 0.4765625 0.43046875 0.0625 0.0484375
3 0.5171875 0.459375 0.2265625 0.07890625
3 0.63671875 0.44140625 0.0765625 0.071875
3 0.38828125 0.4703125 0.0796875 0.078125
3 0.33671875 0.46640625 0.0640625 0.075
3 0.3421875 0.57890625 0.12734375 0.19609375
3 0.4453125 0.58828125 0.0953125 0.2328125
3 0.51640625 0.575 0.0859375 0.21328125
3 0.59921875 0.57421875 0.1125 0.21171875
3 0.67734375 0.55078125 0.06953125 0.2109375
3 0.74765625 0.54453125 0.1296875 0.203125
5 0.52734375 0.33203125 0.02578125 0.0390625
5 0.58046875 0.33203125 0.02109375 0.03515625
5 0.50703125 0.334375 0.0265625 0.034375
5 0.5609375 0.328125 0.02265625 0.03203125