2 0.54296875 0.6383101851851851 0.140625 0.14010416666666678
2 0.05 0.6471238425925926 0.08125 0.10577546296296295
2 0.1546875 0.6244270833333333 0.09375 0.14392361111111107
2 0.20078125 0.6174421296296296 0.0703125 0.12395833333333321
2 0.365625 0.6017708333333334 0.109375 0.1212962962962962
2 0.940625 0.5987731481481482 0.11875 0.14365740740740734
2 0.784375 0.5922337962962964 0.1171875 0.10451388888888893
2 0.6828125 0.5854050925925927 0.08125 0.09327546296296294
2 0.62265625 0.5697858796296297 0.0640625 0.09863425925925924
1 0.31484375 0.5311689814814814 0.0921875 0.15321759259259266
1 0.71015625 0.5024479166666667 0.1625 0.21467592592592588