4 0.25859375 0.4878761574074074 0.375 0.6059027777777779
4 0.47265625 0.42748842592592595 0.165625 0.33414351851851853
4 0.5890625 0.49308449074074073 0.2875 0.6181712962962964
4 0.765625 0.46750578703703705 0.2484375 0.43559027777777787
4 0.3171875 0.4507233796296296 0.2390625 0.39427083333333324
1 0.26875 0.2730613425925926 0.0421875 0.075
1 0.2828125 0.272800925925926 0.0328125 0.07743055555555553
1 0.65859375 0.30355902777777777 0.0484375 0.10515046296296297
1 0.7578125 0.30167824074074073 0.0546875 0.09155092592592595
1 0.49296875 0.26739004629629626 0.0125 0.032175925925925955
1 0.50390625 0.26501736111111107 0.0125 0.030613425925925954
1 0.47734375 0.2740162037037037 0.0140625 0.036979166666666605
1 0.47265625 0.272800925925926 0.015625 0.03553240740740744