3 0.21615740740740738 0.449375 0.18685185185185188 0.21166666666666673
3 0.28746527777777775 0.37536458333333333 0.07944444444444443 0.07999999999999999
3 0.4102083333333334 0.37885416666666666 0.1560185185185185 0.11156250000000005
3 0.5089525462962963 0.4065104166666667 0.1072916666666666 0.07718749999999996
3 0.4684722222222222 0.39364583333333336 0.07557870370370381 0.06729166666666675
3 0.4990162037037037 0.4297395833333333 0.24684027777777776 0.14718750000000008
3 0.6186342592592593 0.4334375 0.09737268518518523 0.09364583333333343
3 0.3720949074074074 0.41796875 0.1025231481481482 0.10177083333333332
3 0.3246296296296296 0.40479166666666666 0.08487268518518523 0.09281249999999996
3 0.2962268518518519 0.51640625 0.18336805555555555 0.23166666666666663
3 0.3918460648148148 0.5442708333333334 0.16315972222222222 0.2583333333333332
3 0.46348958333333334 0.5433854166666666 0.14789351851851862 0.23708333333333337
3 0.5428009259259259 0.5575520833333333 0.17473379629629626 0.24354166666666668
3 0.6250636574074073 0.5481770833333334 0.13189814814814832 0.22979166666666656
3 0.6939467592592592 0.5544791666666666 0.1885185185185186 0.2397916666666667
5 0.5468171296296296 0.30593750000000003 0.036967592592592524 0.04604166666666672
5 0.5976388888888889 0.31500000000000006 0.03200231481481488 0.04104166666666664
5 0.5266898148148147 0.3041666666666667 0.03668981481481488 0.04135416666666671
5 0.5801793981481481 0.3076041666666667 0.03181712962962955 0.03791666666666664