2 0.8057118055555555 0.6291550925925926 0.06535879629629626 0.04707175925925924
2 0.43163773148148155 0.6409606481481481 0.03291666666666657 0.05787037037037042
2 0.4671354166666667 0.627980324074074 0.03599537037037024 0.056469907407407406
2 0.7548032407407408 0.5695717592592592 0.06402777777777775 0.05480324074074083
2 0.8209432870370371 0.6166840277777779 0.08249999999999993 0.046400462962963115
2 0.7223495370370371 0.6326331018518518 0.07969907407407409 0.05717592592592595
2 0.6946122685185185 0.6179340277777777 0.07004629629629626 0.04731481481481481
2 0.7333043981481481 0.6074594907407407 0.07170138888888893 0.050520833333333216
2 0.7069907407407408 0.5881539351851852 0.06839120370370359 0.0441087962962964
2 0.6813483796296296 0.5915046296296296 0.05442129629629626 0.04650462962962969
2 0.6641782407407407 0.5648726851851852 0.06682870370370378 0.04402777777777782
2 0.6426736111111111 0.5762384259259259 0.04486111111111111 0.03976851851851855
2 0.6511111111111111 0.5977372685185185 0.06218749999999993 0.04534722222222225
2 0.6226793981481482 0.5596006944444445 0.05253472222222229 0.03548611111111111
2 0.6363657407407407 0.6266145833333333 0.07496527777777776 0.05537037037037038
2 0.6070138888888889 0.58375 0.03254629629629626 0.04537037037037024
2 0.6033217592592592 0.6171006944444445 0.06218749999999993 0.04534722222222225
2 0.5889814814814816 0.6069965277777778 0.04646990740740744 0.041412037037036956
2 0.579050925925926 0.5877604166666666 0.04210648148148159 0.05210648148148138
2 0.5624131944444445 0.5790972222222223 0.032314814814814775 0.03755787037037024
2 0.5568807870370371 0.6029918981481481 0.0418287037037036 0.042731481481481384
2 0.5641261574074073 0.6369097222222223 0.04707175925925924 0.06172453703703695
2 0.5895891203703704 0.6538310185185185 0.04436342592592588 0.07562500000000014
2 0.5428124999999999 0.6810474537037037 0.07496527777777792 0.05537037037037038
2 0.524699074074074 0.64890625 0.060856481481481595 0.05307870370370367
2 0.5203761574074074 0.6346412037037037 0.06678240740740726 0.042465277777777644
2 0.5111805555555555 0.6138831018518519 0.06990740740740745 0.04262731481481481
2 0.49523726851851857 0.6286574074074074 0.05782407407407408 0.05604166666666668