2 0.11479166666666667 0.382662037037037 0.2202430555555556 0.21899305555555557
2 0.22744791666666667 0.40491319444444446 0.18447916666666667 0.2249421296296296
2 0.31819444444444445 0.35962962962962963 0.15104166666666669 0.12488425925925925
2 0.21612847222222223 0.31732060185185185 0.12381944444444448 0.0938194444444445
2 0.3422395833333334 0.4364178240740741 0.19708333333333333 0.23027777777777772
2 0.42807291666666664 0.3664178240740741 0.11673611111111111 0.12622685185185176
2 0.4748090277777777 0.3702372685185185 0.13381944444444435 0.12243055555555556
2 0.42432291666666666 0.4649363425925926 0.13048611111111103 0.18312500000000007
2 0.5087152777777778 0.45978009259259256 0.1930902777777778 0.26128472222222215
2 0.6621180555555556 0.5095717592592592 0.3 0.2964814814814815
2 0.7459548611111112 0.3889525462962963 0.11291666666666664 0.09481481481481477
2 0.7539930555555555 0.5188541666666666 0.20079861111111122 0.2570023148148149
2 0.88015625 0.5302604166666667 0.18958333333333358 0.24393518518518514
2 0.8148263888888889 0.4501504629629629 0.10701388888888878 0.11011574074074063
2 0.6231249999999999 0.403125 0.16173611111111122 0.11451388888888889
2 0.55546875 0.35747106481481483 0.11909722222222215 0.09201388888888892
2 0.5272395833333333 0.3636168981481481 0.08892361111111118 0.068599537037037