5 0.7240451388888889 0.6369791666666667 0.08650462962962954 0.14562500000000006
5 0.7585185185185186 0.5916666666666667 0.060717592592592594 0.09194444444444443
5 0.7878414351851852 0.6204340277777778 0.07694444444444457 0.13291666666666657
5 0.6772685185185185 0.5898611111111112 0.06400462962962976 0.10295138888888893
2 0.21011574074074071 0.6872569444444444 0.22871527777777773 0.15034722222222213
2 0.1798726851851852 0.6490972222222222 0.20623842592592592 0.10923611111111117
2 0.3715509259259259 0.6189930555555556 0.1919675925925926 0.0948611111111111
2 0.3899189814814815 0.5936284722222223 0.17137731481481486 0.07565972222222221
2 0.4367013888888889 0.5884201388888889 0.1700925925925926 0.09437499999999996
2 0.4479340277777778 0.5558680555555556 0.05209490740740748 0.03708333333333336
4 0.5557638888888888 0.6121527777777778 0.07825231481481473 0.11576388888888882
4 0.4443518518518519 0.6830902777777779 0.2444097222222222 0.15538194444444428