1 0.6875983796296297 0.549681712962963 0.17371527777777782 0.23269675925925917
1 0.3038657407407407 0.5259548611111111 0.09259259259259256 0.1783564814814813
2 0.034045138888888896 0.5616608796296296 0.06809027777777779 0.12957175925925918
2 0.13138310185185187 0.56015625 0.10936342592592592 0.16556712962962958
2 0.18202546296296296 0.568605324074074 0.08651620370370372 0.13113425925925917
2 0.3373784722222222 0.5840277777777778 0.12226851851851847 0.12754629629629619
2 0.49892361111111116 0.6547164351851852 0.1462152777777778 0.14646990740740745
2 0.6475752314814816 0.6320601851851851 0.1381712962962963 0.13807870370370381
2 0.607806712962963 0.6001446759259259 0.0844444444444445 0.11383101851851851
2 0.7648958333333333 0.6626736111111111 0.12810185185185183 0.11394675925925916
2 0.9148900462962963 0.7004050925925925 0.12373842592592581 0.12453703703703703