1 0.69609375 0.37890625 0.0390625 0.0375
4 0.37421875 0.58046875 0.13671875 0.153125
4 0.4984375 0.64609375 0.2328125 0.31796875
4 0.49609375 0.50078125 0.12109375 0.1140625
4 0.5453125 0.47734375 0.08671875 0.06953125
4 0.625 0.5359375 0.128125 0.15625
4 0.778125 0.5546875 0.12109375 0.16328125
4 0.840625 0.5 0.08515625 0.115625
4 0.775 0.46640625 0.06015625 0.0765625
4 0.72734375 0.5 0.09609375 0.11015625
4 0.68984375 0.47734375 0.065625 0.09453125
4 0.65703125 0.4453125 0.04765625 0.05546875
4 0.62890625 0.46328125 0.09453125 0.078125