2 0.7614583333333333 0.3669907407407408 0.02979166666666657 0.025833333333333285
2 0.6493229166666667 0.3464467592592593 0.042291666666666575 0.026203703703703774
2 0.6334375 0.33814814814814814 0.02791666666666668 0.02109953703703704
2 0.6852083333333333 0.3600347222222222 0.034479166666666575 0.025972222222222195
2 0.7144791666666667 0.3671643518518518 0.03916666666666657 0.026111111111111106
2 0.7335416666666668 0.3630324074074074 0.03604166666666657 0.02601851851851844
2 0.7044791666666667 0.35277777777777775 0.029479166666666678 0.021145833333333287
2 0.6813020833333333 0.3481770833333333 0.0216666666666665 0.0209143518518518
2 0.6164583333333333 0.6280613425925926 0.08166666666666664 0.10222222222222221
2 0.44109375 0.6635706018518519 0.09395833333333332 0.09946759259259252
2 0.46875 0.5892418981481482 0.13093749999999993 0.09276620370370381
2 0.5154687499999999 0.6164583333333333 0.10854166666666672 0.10769675925925917
2 0.5446875 0.5774016203703705 0.04604166666666672 0.05906249999999993
2 0.5714583333333334 0.6102893518518518 0.058229166666666644 0.10152777777777774
5 0.27625 0.529525462962963 0.040000000000000036 0.062002314814814954
5 0.31421875 0.5353472222222222 0.035416666666666693 0.06342592592592596
5 0.31812500000000005 0.5472048611111111 0.034791666666666644 0.054050925925925954
5 0.34703125 0.5480613425925925 0.04156250000000004 0.06204861111111111