3 0.59140625 0.6546875 0.09453125 0.0890625
3 0.45546875 0.68671875 0.09609375 0.08203125
3 0.5171875 0.5453125 0.1015625 0.0640625
3 0.66953125 0.61328125 0.0671875 0.0796875
3 0.3890625 0.60234375 0.075 0.04296875
5 0.29140625 0.6296875 0.05859375 0.1828125
5 0.2890625 0.5453125 0.04453125 0.0921875
5 0.3484375 0.55546875 0.05703125 0.1453125
5 0.3875 0.67265625 0.05859375 0.1921875
5 0.4328125 0.5171875 0.06953125 0.14765625
5 0.55625 0.48203125 0.09453125 0.13515625
5 0.62734375 0.5765625 0.0515625 0.16171875
5 0.65625 0.53046875 0.03515625 0.1296875
5 0.69453125 0.5453125 0.04453125 0.16171875