4 0.17743055555555556 0.6227083333333333 0.12638888888888888 0.08791666666666664
4 0.30390625 0.5911979166666667 0.05509259259259256 0.05666666666666664
4 0.28726851851851853 0.6386458333333334 0.11226851851851852 0.08541666666666678
4 0.37676504629629626 0.61171875 0.05422453703703702 0.07531250000000007
4 0.394212962962963 0.6269791666666666 0.07146990740740744 0.07802083333333343
4 0.4572627314814815 0.6163020833333334 0.07222222222222215 0.05625
4 0.5263020833333333 0.6342187499999999 0.08478009259259256 0.058645833333333286
4 0.5316840277777778 0.6157812500000001 0.04010416666666661 0.030729166666666786
4 0.48194444444444445 0.6477083333333333 0.07256944444444446 0.065625
4 0.586400462962963 0.6609375 0.07094907407407405 0.06395833333333342
4 0.5621238425925925 0.7031770833333333 0.07644675925925917 0.0861458333333335
4 0.48793402777777783 0.6974479166666667 0.09722222222222214 0.1
4 0.38093171296296297 0.6895312499999999 0.12569444444444447 0.11125000000000007
4 0.688773148148148 0.688125 0.08796296296296298 0.060416666666666785
4 0.6875578703703704 0.6575 0.0674768518518519 0.05437499999999993