3 0.5817476851851853 0.6200636574074074 0.11315972222222222 0.1063194444444445
3 0.4493055555555555 0.67703125 0.11275462962962965 0.0985069444444445
3 0.4961053240740741 0.5266550925925926 0.11506944444444436 0.08297453703703699
3 0.6548148148148147 0.5648553240740741 0.0827430555555555 0.09137731481481488
3 0.37416666666666665 0.606712962962963 0.08408564814814819 0.05709490740740737
5 0.27979166666666666 0.6516319444444445 0.09574074074074072 0.19160879629629618
5 0.26846064814814813 0.5692824074074074 0.06291666666666665 0.1001504629629629
5 0.32861689814814815 0.5675000000000001 0.08762731481481482 0.1554861111111112
5 0.3799363425925926 0.6759664351851852 0.09778935185185186 0.20103009259259252
5 0.409375 0.5144039351851852 0.10028935185185191 0.15898148148148153
5 0.5285763888888889 0.4570486111111111 0.12175925925925916 0.15181712962962965
5 0.6086979166666666 0.5365798611111111 0.08523148148148145 0.16945601851851855
5 0.6331655092592593 0.48593171296296295 0.061574074074074045 0.1344328703703704
5 0.6725636574074074 0.49334490740740744 0.07741898148148145 0.16922453703703705