4 0.215625 0.6453125 0.11640625 0.065625
4 0.33515625 0.590625 0.0484375 0.04765625
4 0.32578125 0.640625 0.1015625 0.06640625
4 0.409375 0.596875 0.04453125 0.06640625
4 0.42890625 0.60859375 0.0609375 0.06640625
4 0.4890625 0.58671875 0.065625 0.04375
4 0.56015625 0.590625 0.078125 0.04453125
4 0.5625 0.571875 0.03671875 0.0234375
4 0.51875 0.6125 0.0640625 0.05390625
4 0.6234375 0.60625 0.06328125 0.0515625
4 0.60625 0.65234375 0.06484375 0.07421875
4 0.53203125 0.6609375 0.084375 0.084375
4 0.42578125 0.67265625 0.1109375 0.090625
4 0.728125 0.6140625 0.08046875 0.0453125
4 0.721875 0.58359375 0.06015625 0.04296875