4 0.45860532407407406 0.5558506944444443 0.028391203703703738 0.03760416666666657
4 0.49063657407407407 0.5577488425925926 0.033055555555555574 0.03475694444444457
4 0.5187962962962963 0.5641030092592592 0.028344907407407405 0.03135416666666657
4 0.5321585648148148 0.5758275462962963 0.03299768518518516 0.02694444444444457
4 0.5719965277777778 0.5774074074074074 0.07062500000000008 0.046354166666666786
4 0.6090451388888889 0.6241145833333334 0.09912037037037039 0.09802083333333336
4 0.5353993055555556 0.5916377314814815 0.10353009259259256 0.060798611111111
4 0.4517418981481482 0.5780902777777778 0.09400462962962948 0.03993055555555554
4 0.4228645833333333 0.5802835648148148 0.11146990740740748 0.07844907407407398
4 0.4411168981481482 0.6196296296296296 0.12407407407407404 0.09325231481481477
4 0.5458622685185185 0.6336458333333332 0.11325231481481488 0.10822916666666664
4 0.4764583333333333 0.646712962962963 0.12721064814814814 0.09499999999999993