2 0.21328125 0.40067708333333335 0.278125 0.17329861111111117
2 0.3578125 0.4458159722222222 0.28125 0.209375
2 0.6078125 0.5268923611111112 0.371875 0.2665277777777778
2 0.81015625 0.5124305555555555 0.1828125 0.15500000000000008
2 0.96953125 0.5014409722222222 0.0609375 0.11364583333333336
2 0.85703125 0.4790972222222223 0.153125 0.12711805555555564
2 0.7625 0.44579861111111113 0.140625 0.0875
2 0.70546875 0.42411458333333335 0.10625 0.07034722222222226
2 0.59453125 0.43529513888888893 0.19375 0.10236111111111104
2 0.58359375 0.41078125 0.11875 0.06309027777777772
2 0.4015625 0.3876215277777778 0.1265625 0.07437500000000004
2 0.47578125 0.4108854166666667 0.1203125 0.10534722222222222