2 0.37265625 0.5390625 0.06875 0.07109375
2 0.43203125 0.52421875 0.07109375 0.05
2 0.4375 0.5625 0.09765625 0.09453125
2 0.5015625 0.53984375 0.05546875 0.07734375
4 0.534375 0.57265625 0.08359375 0.146875
4 0.57265625 0.5453125 0.06796875 0.1046875
4 0.63359375 0.5734375 0.07890625 0.15390625
4 0.68984375 0.54140625 0.0640625 0.10078125
4 0.72578125 0.57109375 0.0796875 0.15546875
4 0.803125 0.5515625 0.0640625 0.12890625
4 0.89765625 0.578125 0.08671875 0.15859375
1 0.61171875 0.46640625 0.02421875 0.02890625
1 0.634375 0.46796875 0.02109375 0.02109375
2 0.32109375 0.5890625 0.1390625 0.11328125
2 0.30546875 0.53515625 0.096875 0.04609375
2 0.21875 0.55 0.1046875 0.07421875
2 0.125 0.553125 0.12109375 0.0609375
2 0.14609375 0.640625 0.21953125 0.18203125