2 0.18636574074074075 0.5845312500000001 0.20877314814814815 0.20266203703703703
2 0.12795138888888888 0.5676446759259259 0.19714120370370375 0.17857638888888888
2 0.16031250000000002 0.49763888888888896 0.14748842592592593 0.08204861111111121
2 0.7884143518518518 0.5652893518518518 0.10609953703703709 0.15914351851851852
2 0.8504513888888889 0.5459606481481482 0.08840277777777779 0.14093750000000008
2 0.9369675925925925 0.5603993055555556 0.11983796296296276 0.1490393518518518
5 0.35150462962962964 0.45265625 0.06274305555555557 0.06454861111111114
5 0.44693287037037044 0.45091435185185186 0.061273148148148236 0.06758101851851847
5 0.5237268518518519 0.4541898148148148 0.049097222222222216 0.07777777777777786
5 0.5752893518518519 0.45113425925925926 0.04224537037037024 0.05709490740740737
5 0.633287037037037 0.4539583333333333 0.04068287037037024 0.05700231481481488
5 0.6716145833333333 0.45325231481481476 0.04849537037037024 0.05746527777777786
2 0.26567708333333334 0.5407002314814815 0.11771990740740738 0.1301967592592593
2 0.2960648148148148 0.4833333333333333 0.07307870370370377 0.044884259259259277
2 0.3387962962962963 0.5520196759259258 0.13454861111111116 0.17174768518518527
2 0.3755671296296296 0.5780150462962963 0.16516203703703702 0.2047569444444445
2 0.49962384259259257 0.5651851851851852 0.1270138888888889 0.1806597222222223
2 0.5527662037037038 0.5362094907407406 0.07287037037037045 0.14313657407407412
2 0.5912905092592593 0.48931712962962964 0.051574074074074085 0.05608796296296283
2 0.615619212962963 0.5708333333333333 0.11460648148148156 0.1830439814814815
2 0.6966608796296296 0.5589872685185184 0.09851851851851859 0.1664930555555557
2 0.7592939814814815 0.5333622685185185 0.0850462962962963 0.13293981481481473
2 0.4639525462962963 0.5234722222222222 0.06854166666666668 0.10232638888888879
2 0.4271122685185185 0.4951331018518518 0.05929398148148142 0.05342592592592581