2 0.6151273148148148 0.527818287037037 0.14153935185185168 0.19711805555555556
2 0.3121469907407407 0.4714236111111111 0.08076388888888886 0.09369212962962958
2 0.36669560185185185 0.46349537037037036 0.07129629629629627 0.09001157407407412
2 0.429537037037037 0.4449016203703703 0.06136574074074073 0.07070601851851847
2 0.46138310185185183 0.43675347222222227 0.07703703703703706 0.07319444444444442
2 0.5134085648148148 0.4493229166666667 0.07726851851851854 0.08100694444444442
2 0.5488136574074074 0.429224537037037 0.04399305555555557 0.06343750000000004
2 0.587644675925926 0.41909722222222223 0.05929398148148159 0.05342592592592599
2 0.6182060185185185 0.42041666666666666 0.06118055555555557 0.06445601851851848
2 0.6788252314814816 0.43247685185185186 0.05240740740740737 0.08421296296296302
2 0.6996643518518518 0.4226331018518518 0.03976851851851855 0.07878472222222221
2 0.6517766203703704 0.4176446759259259 0.03314814814814824 0.0659143518518519
2 0.8264120370370371 0.4213831018518518 0.09041666666666685 0.10362268518518522