2 0.45546875 0.60078125 0.08203125 0.06328125
2 0.571875 0.65078125 0.05234375 0.07890625
2 0.915625 0.61640625 0.08828125 0.07109375
2 0.84609375 0.56875 0.08046875 0.0578125
2 0.5390625 0.63203125 0.053125 0.06875
2 0.5234375 0.55390625 0.0375 0.0515625
2 0.74921875 0.403125 0.0421875 0.02265625
2 0.7796875 0.39921875 0.05390625 0.025
5 0.69921875 0.39375 0.0140625 0.025
5 0.73984375 0.38828125 0.01171875 0.01328125
5 0.75625 0.3828125 0.01328125 0.01640625
5 0.60859375 0.41640625 0.01484375 0.028125
5 0.3609375 0.47578125 0.02890625 0.04765625
5 0.38359375 0.478125 0.02265625 0.03515625
5 0.403125 0.46875 0.02109375 0.04140625
5 0.62578125 0.415625 0.015625 0.0296875
2 0.540625 0.58203125 0.06953125 0.04296875
2 0.55703125 0.5890625 0.0484375 0.05234375
2 0.5421875 0.5578125 0.03828125 0.03828125
2 0.590625 0.55859375 0.05078125 0.05234375
2 0.60859375 0.57734375 0.0375 0.06484375
2 0.7875 0.54140625 0.03125 0.0359375
2 0.728125 0.53359375 0.06484375 0.0265625
2 0.6921875 0.53984375 0.059375 0.0296875
2 0.75625 0.54765625 0.0796875 0.02578125
2 0.73203125 0.56015625 0.0703125 0.03984375
2 0.80625 0.58828125 0.071875 0.05546875
2 0.75546875 0.5984375 0.07265625 0.06328125
2 0.72734375 0.60234375 0.06875 0.06171875
2 0.69375 0.5640625 0.05859375 0.03203125
2 0.6796875 0.57734375 0.05625 0.04765625
2 0.66484375 0.5859375 0.0375 0.034375
2 0.63984375 0.57734375 0.02734375 0.05546875
2 0.64453125 0.5484375 0.05234375 0.021875
2 0.68984375 0.625 0.08984375 0.0671875