0 0.7328125 0.584375 0.1453125 0.25703125
0 0.3578125 0.5890625 0.140625 0.23125
0 0.47421875 0.58515625 0.11875 0.24609375
0 0.58828125 0.584375 0.1125 0.24375
1 0.5953125 0.39375 0.0890625 0.14296875
1 0.46484375 0.39921875 0.0765625 0.11953125
1 0.76875 0.18125 0.03125 0.046875
1 0.04921875 0.4171875 0.04140625 0.10234375
1 0.3625 0.415625 0.02578125 0.0515625
1 0.41015625 0.41640625 0.021875 0.03515625
1 0.5328125 0.4140625 0.0296875 0.05234375
0 0.42109375 0.58203125 0.06953125 0.1515625
0 0.6359375 0.6 0.09375 0.18359375
0 0.51328125 0.5828125 0.09765625 0.22265625