4 0.18828125 0.52109375 0.2375 0.18828125
4 0.421875 0.55859375 0.35859375 0.19921875
4 0.40859375 0.4921875 0.153125 0.103125
4 0.39375 0.42734375 0.13671875 0.08203125
4 0.46953125 0.4375 0.14921875 0.090625
4 0.5453125 0.415625 0.078125 0.0640625
4 0.6078125 0.41328125 0.04296875 0.0421875
4 0.609375 0.45390625 0.09453125 0.1078125
4 0.66875 0.48671875 0.2078125 0.10859375
4 0.8390625 0.46796875 0.165625 0.09375
4 0.815625 0.50546875 0.13828125 0.06015625
4 0.725 0.546875 0.29453125 0.13671875
4 0.51171875 0.61328125 0.44375 0.275
4 0.84765625 0.6140625 0.3046875 0.26875
1 0.4125 0.34140625 0.025 0.03359375
1 0.43203125 0.334375 0.0234375 0.03671875
1 0.446875 0.3328125 0.0125 0.02734375
1 0.45625 0.34453125 0.02578125 0.03515625