3 0.2953125 0.45625 0.20859375 0.2671875
3 0.40859375 0.215625 0.140625 0.115625
3 0.4859375 0.059375 0.09375 0.10390625
3 0.725 0.209375 0.08828125 0.1859375
3 0.81796875 0.32109375 0.05546875 0.08671875
3 0.896875 0.5828125 0.1375 0.175
1 0.5484375 0.6859375 0.2046875 0.628125
1 0.74453125 0.6078125 0.1734375 0.64921875
1 0.35234375 0.8421875 0.159375 0.3125
1 0.14921875 0.8578125 0.19453125 0.278125
3 0.36953125 0.31875 0.14453125 0.08359375
3 0.35859375 0.26015625 0.08125 0.08828125
3 0.39453125 0.11171875 0.05546875 0.09765625