2 0.75625 0.3015625 0.025 0.021875
2 0.6421875 0.3015625 0.0375 0.01953125
2 0.62421875 0.296875 0.0234375 0.0171875
2 0.68046875 0.30859375 0.0296875 0.0203125
2 0.71015625 0.31015625 0.03515625 0.01953125
2 0.728125 0.30234375 0.03125 0.0203125
2 0.69765625 0.29765625 0.0265625 0.015625
2 0.6734375 0.29765625 0.0171875 0.0171875
2 0.671875 0.5828125 0.06171875 0.09140625
2 0.5078125 0.65 0.07421875 0.08671875
2 0.51875 0.571875 0.11484375 0.07265625
2 0.5703125 0.58984375 0.0875 0.0921875
2 0.590625 0.546875 0.034375 0.053125
2 0.62421875 0.5734375 0.0375 0.0953125
5 0.31640625 0.55 0.0265625 0.0578125
5 0.3546875 0.5484375 0.021875 0.06015625
5 0.36171875 0.559375 0.0234375 0.05078125
5 0.38984375 0.5546875 0.0296875 0.05625