0 0.6296875 0.70546875 0.0859375 0.0765625
0 0.54140625 0.703125 0.0546875 0.06640625
0 0.6421875 0.67890625 0.04921875 0.05546875
0 0.3625 0.6546875 0.05234375 0.065625
0 0.39453125 0.6625 0.05703125 0.08671875
0 0.3984375 0.61875 0.05546875 0.0453125
5 0.571875 0.47578125 0.0484375 0.06953125
5 0.6078125 0.4734375 0.03359375 0.07578125
5 0.63359375 0.4828125 0.053125 0.07578125
5 0.67734375 0.4546875 0.040625 0.05390625
5 0.69296875 0.475 0.0484375 0.06171875
0 0.6203125 0.64296875 0.07578125 0.06015625
0 0.5765625 0.64921875 0.034375 0.0734375
0 0.54765625 0.63828125 0.0296875 0.06328125
0 0.55703125 0.6765625 0.0609375 0.0578125
0 0.5203125 0.6359375 0.0375 0.03515625
0 0.50703125 0.665625 0.03203125 0.059375
0 0.48203125 0.6953125 0.059375 0.07265625
0 0.44296875 0.675 0.03125 0.0578125
0 0.47109375 0.66328125 0.0265625 0.05
0 0.4578125 0.621875 0.05703125 0.025
0 0.459375 0.6359375 0.05859375 0.0421875
0 0.49609375 0.62890625 0.02109375 0.0328125