3 0.2886458333333333 0.49111111111111116 0.23806712962962964 0.2979861111111111
3 0.37800925925925927 0.24343750000000003 0.1525231481481482 0.13642361111111115
3 0.43937499999999996 0.08282986111111111 0.10552083333333329 0.11715277777777777
3 0.6923611111111111 0.21833333333333332 0.10924768518518527 0.19854166666666667
3 0.7955150462962963 0.3245138888888889 0.06474537037037038 0.09503472222222217
3 0.8991203703703704 0.5807638888888889 0.15608796296296285 0.19593750000000015
1 0.5621643518518519 0.6877430555555556 0.2735185185185186 0.6245138888888888
1 0.7503761574074075 0.6155729166666667 0.24554398148148132 0.6747569444444445
1 0.3828009259259259 0.8518402777777778 0.1929166666666667 0.29631944444444436
1 0.18104166666666668 0.873576388888889 0.22377314814814814 0.252847222222222
3 0.34909143518518515 0.34921875 0.1538541666666667 0.10524305555555565
3 0.3323263888888889 0.29142361111111115 0.09134259259259263 0.10090277777777779
3 0.35376157407407405 0.14076388888888888 0.06638888888888897 0.10604166666666667