1 0.6924305555555555 0.32199074074074074 0.04790509259259253 0.04542824074074074
4 0.4254456018518519 0.5863425925925926 0.17130787037037026 0.1809606481481481
4 0.5624131944444445 0.6251157407407407 0.3053009259259259 0.36365740740740743
4 0.5258159722222222 0.48318865740740746 0.14693287037037023 0.13796296296296298
4 0.5684490740740741 0.4495081018518518 0.1017824074074074 0.08640046296296297
4 0.660150462962963 0.49074074074074076 0.16358796296296294 0.18223379629629638
4 0.8135474537037037 0.4764467592592593 0.15761574074074075 0.1866898148148149
4 0.8612673611111111 0.409693287037037 0.1122800925925926 0.1320023148148149
4 0.789704861111111 0.3912037037037037 0.07696759259259256 0.08859953703703702
4 0.7514872685185185 0.4333333333333333 0.12146990740740726 0.129224537037037
4 0.7091550925925926 0.4192418981481481 0.08745370370370367 0.10769675925925917
4 0.6701273148148148 0.394849537037037 0.05995370370370381 0.0645833333333334
4 0.6464699074074074 0.418431712962963 0.11180555555555571 0.09768518518518512