5 0.10054398148148147 0.7655902777777778 0.15943287037037038 0.2257638888888888
5 0.9180092592592594 0.5863368055555556 0.156527777777778 0.25531250000000016
5 0.6786863425925926 0.5266840277777778 0.07246527777777771 0.0828819444444445
5 0.5980787037037036 0.5490104166666667 0.06163194444444446 0.09645833333333335
5 0.31407407407407406 0.6170833333333333 0.045648148148148146 0.04732638888888889
5 0.5073611111111112 0.5655381944444444 0.037858796296296224 0.050104166666666575
5 0.5535069444444444 0.5564583333333333 0.042604166666666644 0.05812500000000007
2 0.21640046296296295 0.7292013888888889 0.17482638888888893 0.19520833333333343
2 0.3075115740740741 0.6595486111111111 0.11634259259259264 0.10201388888888889
2 0.3375289351851852 0.7191319444444445 0.14961805555555552 0.16597222222222233
2 0.3920543981481482 0.6331423611111111 0.11466435185185189 0.0863194444444444
2 0.4290451388888889 0.7002256944444445 0.11226851851851852 0.18461805555555558
2 0.4817418981481481 0.6502430555555556 0.08231481481481495 0.14736111111111114
2 0.5534722222222223 0.6665798611111111 0.13574074074074077 0.19034722222222236
2 0.6661631944444444 0.6357986111111111 0.11219907407407419 0.17524305555555558
2 0.6697743055555556 0.5700347222222222 0.09597222222222221 0.09329861111111129
2 0.5811111111111111 0.6255208333333334 0.13527777777777777 0.12784722222222236
2 0.7418344907407407 0.5418402777777778 0.08018518518518522 0.07072916666666665
2 0.8452893518518518 0.5981597222222221 0.11219907407407419 0.17524305555555558
2 0.7708738425925926 0.6280208333333333 0.1342245370370371 0.19652777777777786