4 0.5933159722222222 0.6824652777777778 0.39559027777777783 0.4560185185185185
4 0.5448958333333334 0.5215856481481481 0.21326388888888878 0.17309027777777786
4 0.8491319444444445 0.5069155092592592 0.3017361111111111 0.28744212962962956
4 0.5623611111111111 0.38894675925925926 0.03576388888888893 0.033796296296296366
4 0.5886458333333333 0.3846643518518519 0.05173611111111107 0.04276620370370372
4 0.633576388888889 0.3794270833333333 0.059687500000000074 0.04646990740740744
4 0.6909027777777779 0.37277199074074074 0.05364583333333321 0.050694444444444466
4 0.6614236111111111 0.37526041666666665 0.04263888888888889 0.04832175925925926
4 0.6094618055555555 0.3799768518518519 0.03454861111111107 0.04149305555555553
4 0.7465972222222221 0.36443865740740744 0.09006944444444435 0.0642939814814815
1 0.45786458333333335 0.40300925925925923 0.03951388888888889 0.04809027777777786
1 0.4423090277777778 0.4034143518518519 0.028576388888888894 0.047280092592592735