2 0.81328125 0.4984375 0.22890625 0.25703125
2 0.2046875 0.50390625 0.25703125 0.26484375
2 0.234375 0.38125 0.22578125 0.06953125
2 0.378125 0.37578125 0.1703125 0.0875
2 0.475 0.37734375 0.09921875 0.08203125
2 0.5453125 0.36484375 0.0921875 0.08203125
2 0.628125 0.3671875 0.1296875 0.10859375
2 0.7328125 0.3796875 0.153125 0.08125
2 0.81875 0.38984375 0.184375 0.11015625
2 0.4046875 0.5109375 0.18125 0.27734375
2 0.284375 0.51796875 0.234375 0.2859375
2 0.51640625 0.49921875 0.1703125 0.26796875
2 0.65625 0.51484375 0.16015625 0.25703125