5 0.24282407407407405 0.4909953703703704 0.03356481481481488 0.06273148148148149
4 0.4847222222222222 0.563900462962963 0.08697916666666661 0.07093750000000014
4 0.438136574074074 0.5346412037037037 0.07893518518518512 0.06462962962962955
4 0.42667824074074073 0.5064236111111111 0.06736111111111107 0.047361111111111145
4 0.45613425925925927 0.4917939814814815 0.054629629629629584 0.041018518518518475
4 0.469212962962963 0.5184606481481481 0.04375 0.04250000000000007
4 0.5044849537037037 0.5155960648148149 0.053298611111111074 0.047256944444444574
4 0.5227430555555556 0.5079166666666667 0.06325231481481489 0.06295138888888889
4 0.5087962962962963 0.546886574074074 0.07899305555555554 0.06619212962962955
4 0.5638888888888889 0.5785532407407408 0.07204861111111108 0.08957175925925931
4 0.5969907407407407 0.5709837962962963 0.06371527777777786 0.07545138888888889
4 0.6017939814814814 0.5467939814814814 0.0765625 0.042743055555555645
4 0.5760127314814815 0.5255034722222222 0.06388888888888893 0.037962962962962976
4 0.6169270833333333 0.5179918981481482 0.07679398148148149 0.048993055555555644