1 0.5929918981481481 0.6992361111111112 0.12472222222222218 0.20875000000000005
1 0.629519675925926 0.8220833333333333 0.12479166666666668 0.15725694444444435
1 0.6911226851851853 0.7726041666666666 0.11708333333333343 0.18517361111111103
1 0.5178703703703704 0.765625 0.1324305555555556 0.18083333333333335
1 0.36075231481481485 0.7503993055555556 0.11341435185185186 0.20225694444444428
1 0.2783564814814815 0.7415277777777778 0.10339120370370374 0.19111111111111115
1 0.29203125 0.7879861111111112 0.09738425925925923 0.11607638888888872
1 0.16167824074074072 0.7303298611111112 0.07783564814814814 0.1811805555555555
1 0.13085069444444444 0.7093055555555555 0.06549768518518517 0.13097222222222235
1 0.3690104166666667 0.5714409722222222 0.06521990740740743 0.12628472222222217
1 0.2964409722222222 0.5815625000000001 0.07945601851851851 0.1031944444444445
1 0.24116319444444442 0.5639062499999999 0.06281250000000008 0.08565972222222236
1 0.30997685185185186 0.5247569444444444 0.07696759259259256 0.08753472222222225