2 0.3333333333333333 0.5441724537037038 0.07563657407407405 0.07239583333333321
2 0.39386574074074077 0.5289872685185186 0.07569444444444447 0.05209490740740748
2 0.39655671296296297 0.5665277777777777 0.10717592592592595 0.0976157407407408
2 0.46235532407407404 0.5435648148148149 0.06203703703703702 0.07854166666666665
4 0.49357638888888894 0.5758449074074073 0.09693287037037024 0.14907407407407405
4 0.5331597222222222 0.5479976851851852 0.07818287037037042 0.1067708333333334
4 0.5928530092592592 0.5757986111111111 0.09270833333333339 0.1552893518518518
4 0.6507523148148149 0.5433969907407408 0.0731481481481481 0.10204861111111115
4 0.685329861111111 0.5725752314814814 0.09438657407407405 0.1568634259259259
4 0.763454861111111 0.5520486111111111 0.07523148148148166 0.13017361111111114
4 0.8569155092592592 0.5777546296296296 0.10086805555555571 0.1600347222222222
1 0.5765046296296296 0.469369212962963 0.02719907407407405 0.029872685185185332
1 0.5991030092592593 0.47031828703703704 0.023495370370370416 0.022037037037036987
2 0.27879050925925924 0.5945775462962963 0.1491898148148148 0.11666666666666678
2 0.2663773148148148 0.5405497685185185 0.10202546296296297 0.04916666666666671
2 0.17844328703703702 0.5563136574074073 0.11192129629629628 0.07734953703703695
2 0.08434606481481481 0.560306712962963 0.12650462962962963 0.06340277777777778
2 0.1095630787037037 0.647974537037037 0.2191261574074074 0.18759259259259267