0 0.284375 0.4734375 0.0453125 0.02578125
0 0.2390625 0.459375 0.034375 0.03046875
0 0.28046875 0.4421875 0.03828125 0.0296875
0 0.23359375 0.446875 0.03125 0.02421875
0 0.32578125 0.4640625 0.02578125 0.034375
0 0.39296875 0.5515625 0.02578125 0.03671875
0 0.43671875 0.575 0.0375 0.04453125
0 0.49609375 0.60390625 0.05390625 0.03984375
0 0.553125 0.571875 0.05078125 0.0375
0 0.60390625 0.55703125 0.040625 0.0484375
0 0.5140625 0.503125 0.05078125 0.03359375
0 0.51015625 0.56484375 0.05078125 0.03671875
0 0.51875 0.58671875 0.03984375 0.0328125
0 0.5453125 0.515625 0.0328125 0.02578125
0 0.53203125 0.5375 0.0265625 0.03359375
0 0.5671875 0.5390625 0.03515625 0.034375
0 0.49453125 0.51171875 0.0328125 0.0296875
0 0.48125 0.51875 0.02421875 0.03203125
0 0.45078125 0.52421875 0.0421875 0.03203125
0 0.434375 0.5359375 0.040625 0.04140625
0 0.42734375 0.5484375 0.03984375 0.025
0 0.45859375 0.5640625 0.0359375 0.034375
0 0.74609375 0.4828125 0.01953125 0.0296875
0 0.71796875 0.4734375 0.0296875 0.0375
0 0.49296875 0.55078125 0.03125 0.02265625
0 0.50703125 0.53515625 0.02109375 0.03125