2 0.18671875 0.48515625 0.071875 0.0484375
2 0.24921875 0.4625 0.04140625 0.03203125
2 0.27734375 0.50078125 0.12578125 0.0546875
2 0.3234375 0.47265625 0.07265625 0.03203125
2 0.371875 0.5125 0.05078125 0.059375
2 0.36484375 0.4421875 0.03359375 0.0375
2 0.409375 0.4171875 0.0625 0.02265625
2 0.44765625 0.4078125 0.0578125 0.0234375
2 0.56171875 0.384375 0.02109375 0.021875
2 0.5875 0.390625 0.01953125 0.0265625
2 0.64296875 0.38984375 0.05546875 0.028125
2 0.746875 0.375 0.02421875 0.028125
2 0.61640625 0.40546875 0.02109375 0.02578125
2 0.58046875 0.4125 0.02890625 0.028125
2 0.659375 0.41484375 0.0328125 0.0296875
2 0.740625 0.41171875 0.03203125 0.0234375
2 0.98515625 0.45234375 0.0296875 0.05078125
2 0.990625 0.51328125 0.01796875 0.04921875
2 0.8640625 0.5328125 0.0875 0.06875
2 0.884375 0.465625 0.05859375 0.04765625
2 0.896875 0.44921875 0.05546875 0.03125
2 0.82734375 0.4390625 0.09140625 0.03515625
2 0.8140625 0.41953125 0.06953125 0.02578125
2 0.77265625 0.46328125 0.078125 0.03984375
2 0.75078125 0.44453125 0.06328125 0.02890625
2 0.6796875 0.45078125 0.075 0.04765625
2 0.64609375 0.4703125 0.090625 0.03828125
2 0.65859375 0.4625 0.075 0.03125
2 0.6078125 0.44765625 0.03046875 0.0375
2 0.58515625 0.4953125 0.04375 0.04453125
2 0.6484375 0.553125 0.06640625 0.0890625
2 0.73515625 0.521875 0.0734375 0.06484375
2 0.59140625 0.65625 0.08203125 0.13203125
2 0.33203125 0.63203125 0.08203125 0.08359375
2 0.41640625 0.7734375 0.14140625 0.128125
2 0.54140625 0.7875 0.10703125 0.178125
2 0.43359375 0.55703125 0.059375 0.07265625
2 0.52109375 0.53046875 0.04609375 0.05
2 0.4046875 0.45390625 0.0671875 0.03671875
2 0.43515625 0.475 0.0546875 0.03828125
2 0.47265625 0.45859375 0.078125 0.03515625
2 0.49765625 0.47890625 0.071875 0.0359375
2 0.5421875 0.48359375 0.06640625 0.04375
2 0.5546875 0.45859375 0.06796875 0.03046875
2 0.484375 0.4203125 0.05 0.03046875
2 0.5390625 0.4203125 0.04609375 0.021875
2 0.55625 0.43828125 0.07890625 0.02734375
2 0.49453125 0.440625 0.05625 0.025