5 0.3171875 0.58515625 0.025 0.0515625
2 0.37421875 0.62421875 0.046875 0.0453125
2 0.37890625 0.6125 0.0640625 0.0484375
2 0.42734375 0.61875 0.046875 0.05390625
2 0.44296875 0.64765625 0.05 0.06015625
2 0.503125 0.65390625 0.05234375 0.06015625
2 0.4921875 0.63359375 0.0578125 0.046875
2 0.5375 0.646875 0.07265625 0.07265625
2 0.6 0.64375 0.08671875 0.06171875
2 0.675 0.65625 0.08125 0.06015625
2 0.7265625 0.659375 0.075 0.06015625
2 0.84296875 0.67265625 0.08984375 0.05234375
2 0.88984375 0.66640625 0.0859375 0.053125
2 0.95625 0.6859375 0.0875 0.053125
2 0.94140625 0.7140625 0.1 0.0625