0 0.7241550925925926 0.6223726851851852 0.1491087962962963 0.2637847222222224
0 0.34908564814814813 0.6076157407407408 0.144050925925926 0.2385416666666668
0 0.46554976851851854 0.6097453703703704 0.12240740740740748 0.25303240740740734
0 0.5796238425925926 0.6148784722222222 0.11611111111111114 0.24958333333333335
1 0.5894791666666667 0.4246180555555556 0.09119212962962955 0.1483680555555555
1 0.45892939814814815 0.42332175925925924 0.07832175925925924 0.12271990740740737
1 0.7660648148148148 0.22111111111111112 0.03194444444444446 0.04849537037037042
1 0.04303819444444444 0.41973958333333333 0.042152777777777775 0.10523148148148156
1 0.3563425925925926 0.43442129629629633 0.025763888888888965 0.052858796296296265
1 0.4039872685185185 0.4376736111111111 0.02238425925925931 0.035509259259259095
1 0.5266782407407407 0.4416898148148148 0.030474537037036953 0.05466435185185183
0 0.41247106481481477 0.6038657407407407 0.07099537037037038 0.15512731481481482
0 0.6270486111111111 0.632974537037037 0.09648148148148153 0.18923611111111108
0 0.5046469907407408 0.6094270833333333 0.10016203703703716 0.22689814814814824