2 0.2015625 0.46640625 0.2609375 0.11328125
2 0.353125 0.48984375 0.25703125 0.15078125
2 0.61640625 0.53203125 0.34296875 0.18828125
2 0.8140625 0.48828125 0.16328125 0.1171875
2 0.97421875 0.453125 0.0515625 0.103125
2 0.85390625 0.4484375 0.13671875 0.09609375
2 0.75390625 0.4296875 0.1328125 0.05625
2 0.69296875 0.4171875 0.09921875 0.04765625
2 0.58515625 0.44453125 0.1859375 0.06015625
2 0.5703125 0.421875 0.1140625 0.0375
2 0.38515625 0.42578125 0.11953125 0.046875
2 0.46328125 0.4375 0.10703125 0.08125