4 0.4390625 0.609375 0.03359375 0.053125
4 0.46484375 0.64609375 0.02421875 0.05234375
4 0.52109375 0.5953125 0.028125 0.0671875
4 0.49765625 0.62421875 0.02734375 0.0640625
4 0.47578125 0.590625 0.028125 0.05234375
4 0.4703125 0.553125 0.02578125 0.0484375
4 0.4984375 0.571875 0.021875 0.0453125
4 0.4953125 0.52890625 0.01875 0.05
4 0.51796875 0.53203125 0.021875 0.0546875
4 0.52890625 0.496875 0.0171875 0.0421875
4 0.478125 0.49609375 0.01953125 0.04765625
4 0.49921875 0.49609375 0.01796875 0.03828125
4 0.5 0.46171875 0.0203125 0.04375
4 0.51328125 0.4703125 0.02109375 0.04140625
4 0.53046875 0.43984375 0.02421875 0.04609375
4 0.5140625 0.41796875 0.0171875 0.03515625
4 0.50390625 0.43046875 0.02109375 0.034375
4 0.53203125 0.41796875 0.01640625 0.03046875
1 0.38359375 0.703125 0.03125 0.04921875
1 0.634375 0.51171875 0.01953125 0.0421875
1 0.3890625 0.50234375 0.01875 0.0359375
1 0.440625 0.70625 0.028125 0.0484375
1 0.55234375 0.71796875 0.03046875 0.046875