2 0.37109375 0.36328125 0.08359375 0.09609375
2 0.8046875 0.37109375 0.07421875 0.084375
2 0.740625 0.396875 0.08203125 0.1
2 0.69453125 0.34765625 0.05703125 0.0671875
2 0.653125 0.396875 0.10078125 0.13203125
2 0.61171875 0.33828125 0.04609375 0.06015625
2 0.6625 0.34375 0.071875 0.06953125
2 0.56640625 0.35234375 0.06015625 0.07109375
2 0.55078125 0.42109375 0.08046875 0.15859375
2 0.503125 0.3671875 0.059375 0.0921875
2 0.45625 0.35078125 0.06171875 0.0625
2 0.42890625 0.43203125 0.12421875 0.15625