2 0.5953125 0.56875 0.12578125 0.1828125
2 0.2984375 0.478125 0.07421875 0.08515625
2 0.353125 0.4765625 0.0640625 0.08203125
2 0.4171875 0.46484375 0.05546875 0.0640625
2 0.45 0.4609375 0.07109375 0.065625
2 0.5 0.47890625 0.07109375 0.0734375
2 0.5375 0.4625 0.03984375 0.059375
2 0.5765625 0.45703125 0.05546875 0.04765625
2 0.60703125 0.46171875 0.05625 0.0578125
2 0.66640625 0.48046875 0.04609375 0.07890625
2 0.6875 0.4734375 0.03359375 0.075
2 0.640625 0.4625 0.028125 0.0625
2 0.81328125 0.4859375 0.0828125 0.09375