5 0.06171875 0.68984375 0.12265625 0.19921875
5 0.9 0.7078125 0.13125 0.22734375
5 0.66875 0.590625 0.06015625 0.06875
5 0.5859375 0.59375 0.04453125 0.0875
5 0.296875 0.59453125 0.0390625 0.0390625
5 0.49453125 0.5890625 0.0296875 0.04296875
5 0.54140625 0.590625 0.03359375 0.0515625
2 0.18125 0.68125 0.1453125 0.16328125
2 0.2828125 0.634375 0.103125 0.078125
2 0.30078125 0.7 0.12421875 0.13828125
2 0.3703125 0.628125 0.1046875 0.0625
2 0.39375 0.703125 0.08125 0.1671875
2 0.45390625 0.66640625 0.05703125 0.13515625
2 0.52109375 0.69921875 0.1046875 0.1671875
2 0.63671875 0.6953125 0.08203125 0.1578125
2 0.65234375 0.63125 0.08203125 0.07421875
2 0.55546875 0.66484375 0.1171875 0.1015625
2 0.72734375 0.6203125 0.07109375 0.0546875
2 0.81796875 0.7 0.08203125 0.1578125
2 0.73984375 0.7125 0.1015625 0.17421875