5 0.5741377314814814 0.5211516203703704 0.23270833333333343 0.41461805555555564
4 0.4338715277777778 0.476880787037037 0.231111111111111 0.4098842592592593
1 0.10293981481481482 0.44372685185185184 0.12626157407407407 0.1740162037037038
1 0.15449074074074073 0.44376157407407407 0.08850694444444444 0.13853009259259252
1 0.2373090277777778 0.4405266203703704 0.08868055555555561 0.16196759259259252
1 0.3052141203703703 0.44710648148148147 0.07138888888888886 0.1473958333333334
1 0.8200057870370371 0.5443287037037037 0.09493055555555543 0.16215277777777787
1 0.892332175925926 0.5867071759259259 0.12624999999999992 0.1724537037037038
1 0.8526331018518519 0.5683564814814815 0.09653935185185177 0.1684490740740742
1 0.954832175925926 0.5848553240740741 0.08241898148148152 0.16021990740740738
1 0.3770486111111111 0.45044560185185184 0.055451388888888876 0.10474537037037042
1 0.2813252314814815 0.40329282407407413 0.026851851851851904 0.039849537037036954