2 0.4927662037037037 0.6132175925925927 0.09334490740740745 0.07478009259259259
2 0.6158564814814815 0.6478356481481482 0.06568287037037042 0.08686342592592596
2 0.9487847222222221 0.5715625 0.09994212962962976 0.08424768518518526
2 0.8715856481481481 0.5321585648148148 0.0900462962962962 0.07004629629629626
2 0.5801793981481481 0.6332523148148148 0.06527777777777785 0.07592592592592595
2 0.5508391203703704 0.5578587962962963 0.04583333333333321 0.05689814814814831
2 0.7472800925925925 0.38039930555555557 0.046354166666666786 0.0287962962962963
2 0.7766493055555556 0.3722453703703704 0.05746527777777786 0.033645833333333285
5 0.696412037037037 0.37730324074074073 0.018171296296296192 0.026817129629629656
5 0.7350694444444444 0.3669444444444444 0.014583333333333216 0.014270833333333321
5 0.7504050925925926 0.3593634259259259 0.016319444444444286 0.018981481481481488
5 0.6109953703703704 0.41117476851851853 0.019849537037037023 0.02996527777777782
5 0.3769386574074074 0.500625 0.037847222222222233 0.05209490740740748
5 0.40034722222222224 0.5001909722222223 0.02795138888888893 0.03789351851851848
5 0.4178819444444445 0.4887384259259259 0.028182870370370417 0.04414351851851848
5 0.6272858796296296 0.408292824074074 0.021469907407407264 0.03155092592592581
2 0.5728877314814815 0.5839525462962963 0.07690972222222214 0.05267361111111111
2 0.5902488425925926 0.5888946759259259 0.05682870370370381 0.05862268518518512
2 0.5704282407407407 0.5597106481481482 0.045370370370370415 0.04439814814814813
2 0.6178530092592592 0.5541666666666666 0.06001157407407405 0.060231481481481455
2 0.6387731481481481 0.5708738425925926 0.04942129629629619 0.06944444444444446
2 0.8091724537037038 0.5124942129629629 0.03744212962962976 0.041157407407407476
2 0.7490451388888889 0.5123842592592592 0.0685185185185185 0.03693287037037045
2 0.7150752314814814 0.5228125 0.06388888888888893 0.038425925925925954
2 0.7791087962962963 0.5229803240740741 0.0841435185185185 0.03716435185185176
2 0.7578125 0.53828125 0.07685185185185191 0.05111111111111111
2 0.8357928240740741 0.5566145833333334 0.08055555555555571 0.06678240740740744
2 0.7872106481481482 0.5730729166666666 0.08396990740740744 0.0746412037037036
2 0.76015625 0.5804803240740741 0.07916666666666661 0.07144675925925928
2 0.7206597222222222 0.5471006944444444 0.06400462962962958 0.04155092592592595
2 0.7094907407407407 0.5617708333333333 0.06452546296296298 0.055613425925925955
2 0.6958333333333334 0.5725 0.043634259259259164 0.03968750000000014
2 0.669849537037037 0.5666493055555556 0.03657407407407405 0.05988425925925931
2 0.6695601851851852 0.5377546296296296 0.055787037037037024 0.03049768518518512
2 0.7276041666666666 0.6081076388888889 0.10138888888888893 0.08114583333333343