2 0.1078125 0.4765625 0.18125 0.171875
2 0.225 0.478125 0.140625 0.18828125
2 0.303125 0.41875 0.13203125 0.0890625
2 0.1921875 0.3953125 0.1109375 0.0640625
2 0.34609375 0.4890625 0.153125 0.19140625
2 0.41328125 0.40625 0.09375 0.1015625
2 0.46015625 0.4015625 0.1140625 0.0921875
2 0.434375 0.50234375 0.09375 0.159375
2 0.51640625 0.4828125 0.13984375 0.22578125
2 0.6796875 0.50390625 0.2484375 0.23125
2 0.7328125 0.37265625 0.09765625 0.06953125
2 0.77265625 0.496875 0.15078125 0.21796875
2 0.9 0.4859375 0.140625 0.2078125
2 0.815625 0.4203125 0.0875 0.0875
2 0.61484375 0.4078125 0.146875 0.075
2 0.53671875 0.375 0.1046875 0.0640625
2 0.51015625 0.3859375 0.07890625 0.046875