2 0.5442766203703704 0.635445601851852 0.4238194444444446 0.35769675925925914
2 0.5068171296296297 0.37326388888888895 0.05057870370370363 0.0409143518518519
2 0.5928819444444444 0.38504050925925926 0.04113425925925931 0.03587962962962958
2 0.6155034722222222 0.38353587962962965 0.04901620370370363 0.04085648148148149
2 0.5537847222222222 0.38125 0.03488425925925931 0.035648148148148186
2 0.6507407407407408 0.390306712962963 0.023784722222222145 0.024305555555555535
2 0.6773032407407408 0.39129050925925923 0.04271990740740748 0.0375
2 0.7328414351851851 0.3980324074074074 0.056782407407407476 0.0380208333333333
5 0.2982465277777778 0.3671006944444445 0.03502314814814813 0.0450231481481481
5 0.2568402777777778 0.3655671296296296 0.03194444444444446 0.04803240740740744
2 0.8071527777777778 0.40703125 0.026979166666666644 0.02910879629629637
2 0.7899652777777778 0.40639467592592593 0.020729166666666642 0.02887731481481488
2 0.6983391203703704 0.38816550925925924 0.019097222222222144 0.024131944444444463
2 0.7719618055555555 0.4033854166666667 0.019166666666666644 0.028819444444444463