4 0.45703125 0.53203125 0.0265625 0.034375
4 0.4890625 0.5296875 0.03125 0.03046875
4 0.5171875 0.5328125 0.0265625 0.02734375
4 0.53125 0.5421875 0.03125 0.0234375
4 0.57109375 0.5390625 0.0671875 0.0375
4 0.6109375 0.58046875 0.0921875 0.08671875
4 0.53515625 0.5578125 0.1 0.0484375
4 0.4515625 0.5546875 0.09140625 0.02734375
4 0.42265625 0.5609375 0.10703125 0.0640625
4 0.44375 0.59765625 0.11796875 0.078125
4 0.5484375 0.5984375 0.10546875 0.09453125
4 0.48046875 0.6203125 0.121875 0.07890625