5 0.58359375 0.52265625 0.16015625 0.38359375
4 0.43671875 0.50234375 0.159375 0.3796875
1 0.103125 0.52265625 0.09765625 0.1546875
1 0.1546875 0.51484375 0.0640625 0.12578125
1 0.23515625 0.4984375 0.06015625 0.15078125
1 0.30390625 0.49375 0.04453125 0.13984375
1 0.83125 0.50546875 0.0671875 0.14921875
1 0.9109375 0.53515625 0.09765625 0.15234375
1 0.86875 0.52421875 0.0671875 0.15625
1 0.9734375 0.52421875 0.053125 0.15078125
1 0.375 0.48515625 0.0359375 0.09765625
1 0.271875 0.4546875 0.01953125 0.0359375