5 0.70078125 0.64296875 0.07109375 0.13671875
5 0.740625 0.60078125 0.05 0.08515625
5 0.76640625 0.63203125 0.0625 0.12578125
5 0.66015625 0.5921875 0.053125 0.09609375
2 0.1828125 0.65078125 0.21484375 0.12421875
2 0.15703125 0.61015625 0.196875 0.08515625
2 0.3515625 0.59609375 0.184375 0.07109375
2 0.37265625 0.571875 0.16484375 0.05546875
2 0.4203125 0.57109375 0.16171875 0.07421875
2 0.43515625 0.53984375 0.04921875 0.03125
4 0.5359375 0.6046875 0.065625 0.10703125
4 0.41640625 0.665625 0.2296875 0.1265625