2 0.5453125 0.61171875 0.39375 0.30859375
2 0.4890625 0.35546875 0.046875 0.034375
2 0.575 0.35625 0.0375 0.03125
2 0.59765625 0.3515625 0.04609375 0.03515625
2 0.5359375 0.35703125 0.03125 0.03125
2 0.6328125 0.35390625 0.02109375 0.021875
2 0.659375 0.3515625 0.03984375 0.0328125
2 0.71484375 0.3515625 0.05390625 0.03203125
5 0.28125 0.375 0.03046875 0.040625
5 0.23984375 0.378125 0.028125 0.04453125
2 0.78984375 0.3515625 0.025 0.02578125
2 0.77265625 0.353125 0.01875 0.0265625
2 0.68046875 0.34609375 0.0171875 0.021875
2 0.7546875 0.35234375 0.0171875 0.02734375