5 0.2609375 0.51015625 0.02578125 0.06015625
4 0.5109375 0.559375 0.07890625 0.06328125
4 0.4609375 0.53515625 0.071875 0.0578125
4 0.44609375 0.5078125 0.06171875 0.0421875
4 0.4734375 0.490625 0.05078125 0.0359375
4 0.48984375 0.515625 0.03828125 0.03828125
4 0.52421875 0.509375 0.0484375 0.0421875
4 0.54140625 0.5 0.05546875 0.0578125
4 0.5328125 0.540625 0.071875 0.059375
4 0.59140625 0.56640625 0.06171875 0.08359375
4 0.6234375 0.55625 0.05546875 0.0703125
4 0.625 0.53125 0.071875 0.03671875
4 0.596875 0.5125 0.059375 0.0328125
4 0.63671875 0.5015625 0.07109375 0.0421875