2 0.18046875 0.62890625 0.1859375 0.17265625
2 0.12109375 0.61484375 0.178125 0.14921875
2 0.14765625 0.54296875 0.140625 0.05859375
2 0.78046875 0.58203125 0.08671875 0.14453125
2 0.840625 0.56015625 0.071875 0.1296875
2 0.928125 0.5703125 0.103125 0.13203125
5 0.33515625 0.48984375 0.05546875 0.05546875
5 0.43046875 0.48359375 0.05390625 0.059375
5 0.5078125 0.48359375 0.0390625 0.071875
5 0.55859375 0.478125 0.03515625 0.05078125
5 0.6171875 0.478125 0.034375 0.0515625
5 0.65546875 0.47578125 0.04140625 0.05
2 0.25625 0.58125 0.103125 0.1140625
2 0.2828125 0.52265625 0.06875 0.03359375
2 0.33046875 0.5890625 0.11484375 0.15234375
2 0.36875 0.61328125 0.14140625 0.18203125
2 0.4921875 0.5953125 0.10546875 0.1640625
2 0.54296875 0.5640625 0.05546875 0.13359375
2 0.578125 0.515625 0.0453125 0.0484375
2 0.60859375 0.5953125 0.0921875 0.1671875
2 0.68828125 0.5796875 0.07890625 0.153125
2 0.74921875 0.5515625 0.06875 0.12109375
2 0.453125 0.55546875 0.05625 0.09375
2 0.4140625 0.52890625 0.053125 0.0453125