4 0.5796875 0.4046875 0.06640625 0.05390625
4 0.5296875 0.40859375 0.07578125 0.0375
4 0.48359375 0.3890625 0.025 0.0390625
4 0.4484375 0.39296875 0.0453125 0.0328125
4 0.4140625 0.39453125 0.0453125 0.0171875
4 0.42265625 0.40234375 0.0765625 0.021875
4 0.41171875 0.41796875 0.07421875 0.025
4 0.3984375 0.4375 0.05546875 0.04453125
4 0.34375 0.43046875 0.08671875 0.025
4 0.3328125 0.45546875 0.075 0.03984375
4 0.4265625 0.44375 0.06328125 0.05546875
4 0.46953125 0.4171875 0.05390625 0.03671875
4 0.49453125 0.4234375 0.08046875 0.02890625
4 0.54453125 0.44609375 0.0859375 0.05390625
4 0.53046875 0.46015625 0.08125 0.05859375
4 0.484375 0.46015625 0.06015625 0.04609375