1 0.4189583333333333 0.6721643518518519 0.2942013888888889 0.533449074074074
1 0.2937326388888889 0.6878472222222222 0.22284722222222228 0.48136574074074084
1 0.20968749999999997 0.6613425925925926 0.2125 0.4369212962962964
1 0.5710416666666667 0.6366319444444445 0.20034722222222215 0.38142361111111106
1 0.6064930555555555 0.6174189814814814 0.15871527777777777 0.3331018518518519
1 0.6684201388888888 0.5962673611111111 0.1567708333333334 0.31579861111111107
1 0.71 0.5369502314814815 0.1270138888888889 0.24027777777777787
1 0.7269270833333333 0.4563078703703704 0.06652777777777778 0.11568287037037024
1 0.8026562500000001 0.49467592592592596 0.10121527777777786 0.20248842592592595
1 0.7260590277777779 0.3470486111111111 0.07246527777777771 0.1020833333333333
1 0.7695486111111111 0.5491608796296296 0.10715277777777779 0.18888888888888894