0 0.35439236111111116 0.49124999999999996 0.07854166666666665 0.08468750000000007
0 0.4027777777777778 0.4716666666666667 0.053611111111111144 0.08458333333333332
0 0.4455902777777778 0.45479166666666676 0.0749305555555555 0.07354166666666657
0 0.44437499999999996 0.41203125000000007 0.08510416666666672 0.057083333333333285
0 0.5235937500000001 0.39973958333333337 0.04802083333333336 0.06395833333333334
0 0.5244270833333333 0.45109374999999996 0.08357638888888878 0.09281249999999996
0 0.5600694444444445 0.4378125 0.08729166666666668 0.07125000000000004
0 0.5771006944444445 0.42265625 0.044479166666666715 0.05437499999999993
0 0.5744965277777778 0.48125 0.05673611111111114 0.08479166666666664
0 0.6092187499999999 0.5061979166666667 0.05395833333333329 0.0923958333333335
0 0.6364062500000001 0.5254166666666666 0.0668055555555556 0.10104166666666678