1 0.29734375 0.45432291666666663 0.12510416666666674 0.30702546296296307
1 0.20098958333333333 0.8821180555555556 0.25322916666666667 0.23576388888888894
1 0.16447916666666668 0.8156597222222223 0.161875 0.17923611111111093
1 0.915625 0.8266898148148147 0.15843750000000015 0.33850694444444474
1 0.9558333333333333 0.7944328703703704 0.08833333333333329 0.3821990740740741
1 0.9391145833333333 0.6005902777777778 0.12177083333333343 0.24800925925925926
1 0.8399479166666666 0.4763020833333333 0.10333333333333314 0.26157407407407407
1 0.5755729166666667 0.45794560185185185 0.16447916666666665 0.45255787037037026
1 0.44755208333333335 0.5756886574074074 0.10343749999999989 0.21628472222222223
1 0.42015624999999995 0.5278530092592593 0.0703125 0.1410763888888889
1 0.5209895833333332 0.5996585648148148 0.09833333333333343 0.16314814814814813
1 0.6309895833333333 0.5864178240740741 0.08104166666666668 0.1614583333333332
1 0.6790104166666666 0.5805266203703704 0.10718750000000003 0.17883101851851854