1 0.64609375 0.67578125 0.09921875 0.19921875
1 0.6984375 0.79375 0.10625 0.14765625
1 0.753125 0.7390625 0.09375 0.17734375
1 0.5796875 0.7484375 0.1109375 0.1703125
1 0.421875 0.74765625 0.08828125 0.19453125
1 0.33828125 0.74609375 0.0796875 0.184375
1 0.35859375 0.79140625 0.08359375 0.1078125
1 0.22109375 0.74609375 0.05546875 0.17578125
1 0.1875 0.728125 0.0484375 0.1265625
1 0.40703125 0.56953125 0.05 0.121875
1 0.3359375 0.5859375 0.06640625 0.09765625
1 0.27890625 0.5734375 0.05234375 0.08125
1 0.3421875 0.528125 0.065625 0.08203125