4 0.5600520833333333 0.40736689814814814 0.07427083333333329 0.05989583333333339
4 0.5100520833333333 0.40773726851851855 0.08104166666666668 0.044328703703703634
4 0.46708333333333335 0.38462962962962965 0.03083333333333336 0.04083333333333332
4 0.43187499999999995 0.3856712962962963 0.050833333333333286 0.03629629629629631
4 0.39760416666666665 0.38436342592592593 0.04822916666666668 0.020659722222222232
4 0.40484375000000006 0.3928993055555555 0.08000000000000007 0.02870370370370372
4 0.3921354166666667 0.40782986111111114 0.0786458333333333 0.03181712962962955
4 0.3753125 0.4259143518518519 0.06260416666666675 0.04887731481481481
4 0.32296874999999997 0.4145891203703703 0.09124999999999997 0.033472222222222216
4 0.30807291666666664 0.43890624999999994 0.08125 0.04745370370370381
4 0.4028645833333333 0.43429976851851854 0.07125000000000004 0.06143518518518505
4 0.44890625 0.41131365740740744 0.058958333333333356 0.04104166666666664
4 0.47333333333333333 0.4197222222222223 0.08520833333333329 0.03655092592592588
4 0.5192187500000001 0.4459317129629629 0.09468750000000004 0.0616087962962963
4 0.5027083333333333 0.45932870370370366 0.09031249999999993 0.06626157407407404
4 0.45770833333333333 0.4549768518518519 0.06750000000000007 0.05203703703703688