5 0.47421875 0.3366956018518518 0.0203125 0.029328703703703773
5 0.4546875 0.33710069444444446 0.021875 0.035671296296296263
5 0.46640625 0.3299826388888889 0.01875 0.019861111111111107
5 0.4515625 0.3408217592592592 0.0234375 0.03420138888888893
5 0.3921875 0.36074074074074075 0.0203125 0.029328703703703773
5 0.36796875 0.3632118055555556 0.0234375 0.026388888888888927
5 0.43203125 0.39200810185185186 0.028125 0.032916666666666664
5 0.4796875 0.3956134259259259 0.034375 0.04891203703703706
2 0.46015625 0.5983622685185186 0.1875 0.15642361111111108
2 0.46484375 0.5509837962962963 0.1265625 0.09499999999999993
2 0.5234375 0.6075810185185185 0.1640625 0.13628472222222215