5 0.41206018518518517 0.37907986111111114 0.036967592592592524 0.04527777777777775
5 0.43986111111111104 0.3748611111111111 0.034942129629629545 0.03739583333333325
2 0.3332638888888889 0.5220659722222223 0.19879629629629622 0.1989583333333332
2 0.47484953703703703 0.5182291666666667 0.264988425925926 0.23774305555555558
2 0.631880787037037 0.5252083333333333 0.23255787037037035 0.2690277777777778
2 0.7046296296296296 0.4248090277777778 0.187361111111111 0.11118055555555557
2 0.7938715277777778 0.5238368055555556 0.14401620370370374 0.19496527777777786
2 0.8279918981481481 0.4684722222222222 0.1600231481481483 0.22840277777777765
2 0.9479947916666667 0.5179166666666666 0.10401041666666658 0.17076388888888888
2 0.9388368055555556 0.4522222222222222 0.12232638888888872 0.1578819444444445
2 0.6355613425925926 0.42953125 0.18946759259259274 0.09413194444444457
2 0.9496788194444445 0.38765625000000004 0.100642361111111 0.05954861111111107