4 0.4420081018518518 0.6150752314814815 0.034768518518518476 0.05363425925925931
4 0.46728009259259257 0.6521643518518518 0.025393518518518475 0.05349537037037031
4 0.5239409722222221 0.6030092592592593 0.030185185185185048 0.0676273148148148
4 0.4999363425925926 0.6315567129629629 0.028599537037036882 0.06447916666666664
4 0.47858796296296297 0.5968692129629629 0.030081018518518476 0.05356481481481481
4 0.47362268518518513 0.5592997685185186 0.026921296296296405 0.048831018518518475
4 0.5011111111111111 0.5792361111111111 0.023773148148148238 0.04565972222222214
4 0.49844907407407407 0.5362326388888888 0.02068287037037031 0.05030092592592581
4 0.5211284722222222 0.5396932870370371 0.023842592592592738 0.055034722222222145
4 0.5325925925925926 0.5054918981481482 0.01750000000000007 0.042442129629629656
4 0.4817997685185185 0.5031770833333333 0.020671296296296226 0.04873842592592581
4 0.5028935185185185 0.5034895833333334 0.019039351851851904 0.03934027777777764
4 0.5042013888888889 0.4691377314814815 0.020636574074073977 0.04405092592592581
4 0.5175462962962962 0.47792824074074075 0.022187500000000072 0.04251157407407398
4 0.5345138888888888 0.4484953703703704 0.025347222222222143 0.04724537037037031
4 0.5187210648148148 0.4256076388888889 0.01745370370370374 0.03619212962962948
4 0.5086574074074074 0.43795717592592587 0.02212962962962948 0.03469907407407398
4 0.5366956018518518 0.4266550925925926 0.017418981481481487 0.03150462962962965
1 0.3848784722222222 0.70640625 0.0331828703703704 0.05048611111111114
1 0.6381828703703704 0.5234606481481482 0.02062500000000007 0.04248842592592581
1 0.39277199074074076 0.5065451388888889 0.019016203703703737 0.036215277777777645
1 0.4419444444444444 0.7119386574074074 0.030046296296296404 0.04887731481481481
1 0.553761574074074 0.7268749999999999 0.031597222222222145 0.04733796296296298