2 0.8242361111111112 0.4568229166666667 0.23861111111111127 0.2712847222222223
2 0.21600694444444443 0.5002777777777778 0.26690972222222226 0.2803472222222222
2 0.24060763888888886 0.375625 0.2281944444444445 0.08350694444444447
2 0.3841840277777778 0.3614236111111111 0.1738888888888889 0.09826388888888885
2 0.4810590277777777 0.35711805555555554 0.10187500000000008 0.08881944444444442
2 0.5510590277777778 0.3399305555555555 0.09562500000000007 0.0885416666666666
2 0.6338888888888888 0.33703125 0.13371527777777778 0.11677083333333335
2 0.7388194444444445 0.3433159722222222 0.15656250000000008 0.09124999999999997
2 0.8249479166666667 0.3480902777777778 0.1884722222222223 0.12232638888888889
2 0.41607638888888887 0.49451388888888886 0.19215277777777776 0.2879513888888889
2 0.2959722222222222 0.5092361111111112 0.24552083333333333 0.3012499999999999
2 0.5275000000000001 0.4762673611111111 0.18100694444444443 0.27809027777777773
2 0.6676388888888889 0.4833333333333334 0.16982638888888885 0.2666666666666668