4 0.2609375 0.53203125 0.3203125 0.546875
4 0.46875 0.465625 0.13359375 0.309375
4 0.5921875 0.52734375 0.228125 0.5765625
4 0.76640625 0.49609375 0.20859375 0.396875
4 0.315625 0.49375 0.20234375 0.35703125
1 0.2484375 0.31796875 0.03515625 0.06875
1 0.2625 0.31796875 0.02578125 0.07265625
1 0.6421875 0.33671875 0.0390625 0.0984375
1 0.74140625 0.33203125 0.046875 0.0828125
1 0.47265625 0.30546875 0.01015625 0.0296875
1 0.48359375 0.303125 0.009375 0.028125
1 0.4578125 0.3125 0.0109375 0.034375
1 0.45234375 0.31171875 0.0125 0.03359375