5 0.296875 0.6168229166666667 0.030486111111111124 0.05479166666666657
2 0.3546875 0.6554976851851851 0.052152777777777805 0.051400462962962835
2 0.3591493055555556 0.6432291666666666 0.06954861111111113 0.05710648148148145
2 0.40822916666666664 0.6492708333333332 0.052569444444444356 0.06077546296296284
2 0.4241666666666667 0.678414351851852 0.057534722222222355 0.06730324074074083
2 0.4850347222222222 0.683587962962963 0.059097222222222176 0.06739583333333332
2 0.47340277777777773 0.6633159722222223 0.06322916666666671 0.055173611111111145
2 0.5190451388888888 0.6762037037037036 0.08159722222222214 0.08275462962962958
2 0.581857638888889 0.6728761574074074 0.093611111111111 0.07255787037037038
2 0.6565451388888889 0.6843518518518519 0.08885416666666668 0.07071759259259255
2 0.7089236111111111 0.6866724537037037 0.08260416666666667 0.07034722222222207
2 0.8250868055555556 0.6990393518518518 0.09631944444444436 0.06336805555555572
2 0.8723784722222222 0.6924421296296297 0.09170138888888886 0.06465277777777771
2 0.9319097222222222 0.7100694444444444 0.08076388888888886 0.06400462962962976
2 0.9212152777777778 0.7392013888888889 0.0999305555555555 0.07449074074074069