4 0.29501736111111115 0.6331365740740741 0.4495138888888889 0.2145717592592593
4 0.11790798611111111 0.48913773148148143 0.23581597222222223 0.12918981481481495
4 0.21780092592592593 0.47748842592592594 0.176412037037037 0.09259259259259256
4 0.3374479166666667 0.5240682870370371 0.08519675925925929 0.10861111111111121
4 0.3845949074074074 0.5051215277777777 0.08298611111111107 0.09606481481481488
4 0.42861111111111116 0.5314641203703704 0.08201388888888879 0.07731481481481488
4 0.4852662037037037 0.525318287037037 0.13379629629629636 0.1131712962962963
4 0.5073032407407407 0.5228414351851851 0.1594560185185184 0.2168981481481481
4 0.6107523148148148 0.5196469907407407 0.11688657407407418 0.1781944444444445
4 0.6997743055555555 0.6286979166666666 0.320011574074074 0.18421296296296302
4 0.8187326388888889 0.6885590277777778 0.2860416666666666 0.19100694444444458
4 0.6625289351851852 0.5321354166666666 0.1191898148148148 0.07217592592592599
4 0.832204861111111 0.5645486111111111 0.1296180555555555 0.09276620370370381
1 0.9021238425925926 0.5893113425925927 0.11052083333333336 0.11560185185185183