0 0.5865393518518518 0.6999594907407408 0.09624999999999986 0.08715277777777786
0 0.4993865740740741 0.6908333333333333 0.06306712962962954 0.07368055555555557
0 0.6021238425925926 0.674519675925926 0.056493055555555574 0.06255787037037024
0 0.3279166666666667 0.6295659722222222 0.06145833333333339 0.07207175925925924
0 0.3588425925925926 0.6395775462962963 0.06835648148148152 0.09413194444444457
0 0.3687094907407407 0.5963541666666667 0.06090277777777775 0.053321759259259235
5 0.5598900462962962 0.46657986111111105 0.05686342592592588 0.07505787037037023
5 0.5957812499999999 0.4670775462962963 0.04293981481481488 0.07932870370370378
5 0.6196527777777778 0.47807870370370364 0.06334490740740736 0.08305555555555558
5 0.6672222222222223 0.4532523148148148 0.04702546296296291 0.05915509259259259
5 0.6798553240740741 0.47473379629629625 0.056678240740740904 0.06880787037037024
0 0.5852893518518518 0.6367708333333333 0.08324074074074073 0.06959490740740755
0 0.5407118055555555 0.6396527777777777 0.04445601851851855 0.07781249999999992
0 0.5137847222222222 0.626400462962963 0.03788194444444457 0.06668981481481495
0 0.5180960648148147 0.6653009259259259 0.06908564814814824 0.06605324074074073
0 0.4873611111111111 0.6224999999999999 0.04178240740740744 0.040266203703703596
0 0.4701215277777777 0.6511111111111111 0.0393518518518519 0.0636111111111111
0 0.4412094907407408 0.6785069444444445 0.06950231481481488 0.08011574074074072
0 0.4052083333333333 0.6553761574074074 0.03930555555555557 0.06204861111111111
0 0.43436921296296294 0.6459259259259259 0.03282407407407408 0.054050925925925954
0 0.42702546296296295 0.6039930555555555 0.06030092592592595 0.03300925925925924
0 0.42660879629629633 0.6180555555555556 0.06393518518518526 0.050289351851851904
0 0.46420138888888884 0.6138194444444445 0.026018518518518618 0.03511574074074062