1 0.13284722222222223 0.140625 0.06795138888888888 0.07927083333333336
1 0.12072916666666667 0.20916666666666667 0.05356481481481481 0.07208333333333332
1 0.19060763888888888 0.33296875000000004 0.05857638888888887 0.07864583333333339
1 0.23770833333333333 0.1453125 0.05068287037037038 0.0765625
1 0.7120775462962963 0.41109375000000004 0.06350694444444435 0.08364583333333328
1 0.7615798611111112 0.29723958333333333 0.08740740740740734 0.12416666666666672
1 0.6885532407407406 0.14406249999999998 0.04755787037037038 0.07635416666666668
1 0.727204861111111 0.19442708333333333 0.04887731481481481 0.07177083333333334
1 0.5723090277777778 0.4640104166666667 0.05876157407407412 0.052187500000000143
1 0.5800462962962962 0.6301041666666667 0.05094907407407412 0.05166666666666657
1 0.6161631944444445 0.6993229166666668 0.04405092592592581 0.03874999999999993
1 0.6608506944444444 0.7383854166666668 0.04831018518518526 0.06083333333333343
1 0.7447453703703704 0.8020833333333334 0.0639930555555555 0.09302083333333329
1 0.8571354166666666 0.81171875 0.05776620370370367 0.06302083333333322
1 0.7845254629629629 0.7706250000000001 0.05240740740740755 0.07979166666666657
1 0.9439062500000001 0.71484375 0.03505787037037038 0.0755208333333334
1 0.4201620370370371 0.4103125 0.050601851851851974 0.075
1 0.3627835648148148 0.39078124999999997 0.04526620370370367 0.06218750000000002
1 0.2946412037037037 0.3836458333333333 0.04804398148148152 0.08572916666666668
1 0.3283217592592592 0.33468749999999997 0.048553240740740744 0.06552083333333325
1 0.2544733796296296 0.2874479166666667 0.04197916666666668 0.058854166666666693
1 0.22390046296296298 0.26145833333333335 0.048958333333333305 0.07333333333333333
1 0.17550347222222223 0.26390625 0.04640046296296294 0.08406250000000001
1 0.16928819444444443 0.20359375000000002 0.04674768518518517 0.06072916666666668
1 0.18671296296296297 0.1378125 0.049120370370370384 0.07645833333333334