1 0.2140625 0.0875 0.05234375 0.06640625
1 0.1921875 0.153125 0.03828125 0.0625
1 0.24296875 0.29375 0.04296875 0.06796875
1 0.315625 0.11953125 0.034375 0.06796875
1 0.7390625 0.50625 0.046875 0.07265625
1 0.803125 0.40546875 0.0609375 0.109375
1 0.75390625 0.234375 0.03125 0.06796875
1 0.784375 0.29453125 0.034375 0.0640625
1 0.59609375 0.52265625 0.05 0.03984375
1 0.58046875 0.68984375 0.04140625 0.04140625
1 0.60546875 0.76796875 0.03671875 0.0296875
1 0.64375 0.81875 0.03671875 0.05234375
1 0.71640625 0.903125 0.04375 0.08203125
1 0.82421875 0.9421875 0.0453125 0.05234375
1 0.759375 0.88203125 0.03515625 0.07109375
1 0.9265625 0.86875 0.02734375 0.06953125
1 0.45546875 0.4296875 0.03515625 0.06640625
1 0.40234375 0.39609375 0.0328125 0.05390625
1 0.3375 0.37109375 0.0296875 0.078125
1 0.3765625 0.33125 0.034375 0.05703125
1 0.31171875 0.265625 0.0296875 0.05078125
1 0.2859375 0.23125 0.0328125 0.065625
1 0.23828125 0.221875 0.028125 0.0765625
1 0.240625 0.16015625 0.03515625 0.05234375
1 0.26640625 0.09921875 0.0328125 0.06796875