1 0.42439236111111106 0.8839467592592593 0.1682291666666668 0.23210648148148144
1 0.5691840277777779 0.5587210648148149 0.08805555555555564 0.1537268518518518
1 0.632013888888889 0.5841782407407408 0.08625000000000008 0.18339120370370382
1 0.4295833333333333 0.49286458333333333 0.07354166666666657 0.10832175925925931
1 0.3506597222222222 0.4391724537037037 0.06593749999999998 0.11295138888888889
1 0.35552083333333334 0.5134027777777778 0.0723958333333333 0.11768518518518523
1 0.39869791666666665 0.41297453703703707 0.055659722222222194 0.0925694444444444
1 0.6134895833333334 0.46611111111111114 0.06996527777777786 0.13328703703703706
1 0.2321701388888889 0.6725925925925926 0.11333333333333329 0.16016203703703696
1 0.3052083333333333 0.6817245370370371 0.12413194444444446 0.15711805555555552
1 0.43595486111111115 0.7240856481481481 0.1171875 0.2117361111111112
1 0.47217013888888887 0.6603125000000001 0.10274305555555543 0.16789351851851855
1 0.6925347222222221 0.5752546296296297 0.09562500000000007 0.18346064814814814
1 0.6966840277777778 0.5456076388888889 0.07229166666666664 0.15048611111111115
1 0.2287326388888889 0.6303935185185185 0.10149305555555559 0.13976851851851854
1 0.31895833333333334 0.28820601851851857 0.0358680555555555 0.06899305555555557
1 0.3009722222222222 0.3052546296296296 0.035243055555555534 0.05493055555555557
1 0.28164930555555556 0.3097974537037037 0.03736111111111109 0.06744212962962966
1 0.25859375 0.31821759259259264 0.03864583333333336 0.06120370370370374
1 0.24024305555555556 0.30949074074074073 0.035381944444444445 0.05805555555555557
1 0.2579340277777778 0.2682291666666667 0.023333333333333338 0.03297453703703699
1 0.22376736111111112 0.30780671296296297 0.023958333333333304 0.04703703703703699
1 0.2881944444444445 0.26376736111111115 0.02503472222222225 0.03611111111111107
1 0.25166666666666665 0.2502199074074074 0.02524305555555557 0.04079861111111107
1 0.24670138888888887 0.2790798611111111 0.02034722222222225 0.03607638888888891
1 0.2324826388888889 0.2578877314814815 0.015381944444444429 0.02979166666666666
1 0.24022569444444444 0.25638310185185187 0.018437500000000016 0.028252314814814737
1 0.22489583333333335 0.2804803240740741 0.02340277777777775 0.03453703703703699
1 0.2207638888888889 0.2578009259259259 0.020000000000000018 0.02826388888888891
1 0.23052083333333334 0.23131944444444447 0.015173611111111106 0.02510416666666666
1 0.21734375000000003 0.23356481481481478 0.013541666666666608 0.023530092592592665
1 0.2186284722222222 0.22732638888888887 0.010277777777777785 0.0203819444444445
1 0.20050347222222223 0.24125000000000002 0.01694444444444443 0.029803240740740745
1 0.20413194444444444 0.23502893518518517 0.015173611111111106 0.02510416666666666