1 0.3 0.86015625 0.10625 0.2421875
1 0.53125 0.56328125 0.05 0.1453125
1 0.5859375 0.6015625 0.03828125 0.17890625
1 0.4125 0.46953125 0.046875 0.1
1 0.35 0.40078125 0.0375 0.10625
1 0.334375 0.47265625 0.04375 0.109375
1 0.40390625 0.3859375 0.03359375 0.08671875
1 0.59921875 0.48359375 0.0359375 0.128125
1 0.17109375 0.6 0.07578125 0.1453125
1 0.240625 0.62421875 0.08828125 0.140625
1 0.35625 0.69375 0.06328125 0.20234375
1 0.409375 0.640625 0.06171875 0.15703125
1 0.646875 0.60625 0.0484375 0.17578125
1 0.659375 0.578125 0.0328125 0.146875
1 0.1796875 0.55859375 0.06796875 0.1265625
1 0.359375 0.24765625 0.01875 0.06640625
1 0.3375 0.26015625 0.02265625 0.05078125
1 0.3171875 0.2609375 0.02109375 0.06484375
1 0.2921875 0.26328125 0.0234375 0.05703125
1 0.2765625 0.25078125 0.021875 0.05390625
1 0.30546875 0.215625 0.015625 0.0296875
1 0.2609375 0.24609375 0.0125 0.04453125
1 0.3359375 0.21796875 0.015625 0.03359375
1 0.30390625 0.196875 0.015625 0.03828125
1 0.29140625 0.2234375 0.0109375 0.034375
1 0.2828125 0.2 0.00859375 0.028125
1 0.29140625 0.2 0.0109375 0.0265625
1 0.26953125 0.21953125 0.015625 0.03203125
1 0.271875 0.196875 0.0140625 0.02578125
1 0.28828125 0.1734375 0.009375 0.0234375
1 0.275 0.1734375 0.0078125 0.02265625
1 0.278125 0.1671875 0.0046875 0.01953125
1 0.25625 0.1765625 0.009375 0.028125
1 0.26171875 0.171875 0.00859375 0.0234375