1 0.45859375 0.43203125 0.0890625 0.1171875
1 0.41953125 0.6 0.0890625 0.13125
1 0.5484375 0.840625 0.078125 0.125
1 0.7546875 0.90546875 0.10625 0.1765625
1 0.5578125 0.50078125 0.10625 0.1515625
1 0.6171875 0.26796875 0.06875 0.0796875
1 0.1609375 0.30078125 0.05625 0.10703125
1 0.09609375 0.48828125 0.0734375 0.0859375
1 0.16171875 0.565625 0.0640625 0.059375
1 0.09453125 0.63203125 0.0796875 0.0890625
1 0.0765625 0.7296875 0.11875 0.103125
1 0.27734375 0.76953125 0.0953125 0.1015625
1 0.43203125 0.8453125 0.0984375 0.125
1 0.7609375 0.21328125 0.0625 0.0796875
1 0.55078125 0.1796875 0.0578125 0.090625
1 0.29375 0.21171875 0.06875 0.0578125
1 0.253125 0.35546875 0.071875 0.0953125
1 0.675 0.359375 0.071875 0.11796875
1 0.83671875 0.2109375 0.0703125 0.090625
1 0.85390625 0.73984375 0.0984375 0.1359375
1 0.65234375 0.83828125 0.10546875 0.121875
1 0.20390625 0.7390625 0.06640625 0.09765625
1 0.15625 0.30703125 0.0484375 0.07421875
1 0.1890625 0.35859375 0.0484375 0.06640625
1 0.596875 0.1828125 0.03125 0.07265625
1 0.62109375 0.16015625 0.05 0.0484375
1 0.59921875 0.359375 0.0625 0.1109375
1 0.4875 0.39140625 0.0625 0.078125
1 0.53671875 0.35546875 0.05390625 0.08125
1 0.5546875 0.325 0.05546875 0.0796875