1 0.43133680555555554 0.41078125 0.11267361111111107 0.13843750000000005
1 0.4155960648148148 0.58328125 0.11631944444444446 0.15270833333333336
1 0.576388888888889 0.786875 0.10347222222222215 0.14250000000000007
1 0.7894097222222223 0.8007291666666667 0.14305555555555555 0.20124999999999993
1 0.5388599537037038 0.45348958333333333 0.1374421296296296 0.17593750000000002
1 0.5657118055555556 0.21244791666666668 0.08460648148148149 0.09604166666666662
1 0.11782407407407407 0.35374999999999995 0.07771990740740739 0.12052083333333333
1 0.07931134259259258 0.5519270833333334 0.09108796296296298 0.10270833333333336
1 0.15503472222222223 0.6115625 0.0760416666666667 0.07520833333333332
1 0.09748263888888889 0.6925520833333334 0.0975115740740741 0.1078125
1 0.09302662037037038 0.7918229166666666 0.1388888888888889 0.13083333333333336
1 0.29756944444444444 0.7820833333333332 0.11527777777777785 0.12458333333333335
1 0.4614293981481481 0.8186979166666667 0.12395833333333321 0.14854166666666657
1 0.7006365740740741 0.12552083333333336 0.07829861111111107 0.09406249999999998
1 0.4880208333333334 0.1428125 0.07714120370370381 0.10489583333333333
1 0.23755787037037038 0.23510416666666667 0.08067129629629628 0.0739583333333333
1 0.2171875 0.3853125 0.0914351851851852 0.11208333333333327
1 0.6353877314814815 0.2880729166666667 0.09537037037037041 0.13416666666666668
1 0.7754340277777778 0.10494791666666667 0.08813657407407405 0.10718749999999999
1 0.86484375 0.6156770833333334 0.12592592592592594 0.15958333333333333
1 0.6787037037037037 0.7597916666666666 0.13015046296296298 0.14739583333333323
1 0.2208622685185185 0.7700520833333334 0.08680555555555554 0.11333333333333329
1 0.1144386574074074 0.3609895833333333 0.06394675925925926 0.08531250000000004
1 0.15416666666666665 0.40354166666666663 0.06209490740740744 0.07739583333333329
1 0.5342881944444444 0.13505208333333335 0.0465856481481481 0.07947916666666668
1 0.5548032407407407 0.10718749999999999 0.05989583333333339 0.06010416666666667
1 0.5606770833333333 0.3063020833333333 0.08570601851851851 0.12572916666666661
1 0.45410879629629636 0.3640625 0.07824074074074083 0.09250000000000007
1 0.4979166666666666 0.3175 0.07048611111111107 0.09354166666666668
1 0.5116608796296296 0.2830729166666667 0.07199074074074083 0.09208333333333334